(202,292,208)
(201,290,208)
(200,291,210)
(200,290,208)
(199,291,207)
(200,291,207)
(198,291,204)
(202,293,205)
(202,291,205)
(201,289,206)
(202,290,208)
(199,288,210)
(200,287,211)
(199,291,214)
(198,288,214)
(200,289,214)
(201,291,213)
(202,288,210)
(203,288,209)
(202,287,208)
(200,285,208)
(200,285,208)
(202,285,211)
(200,284,212)
(202,285,210)
(202,284,209)
(202,283,208)
(205,284,207)
(205,283,207)
(205,283,207)
(205,282,208)
(201,283,210)
(195,284,213)
(191,284,219)
(186,280,222)
(177,275,228)
(168,273,234)
(160,268,235)
(150,267,239)
(143,263,242)
(133,259,245)
(120,260,250)
(108,262,251)
(103,266,254)
(103,268,252)
(106,271,250)
(111,275,247)
(115,278,244)
(118,283,243)
(121,286,240)
(125,288,239)
(125,292,236)
(127,296,234)
(125,300,232)
(123,304,232)
(124,306,229)
(120,305,229)
(121,305,227)
(120,305,223)
(118,305,223)
(118,305,221)
(121,308,223)
(123,308,220)
(126,310,219)
(128,311,218)
(126,309,216)
(127,310,218)
(128,309,219)
(131,311,218)
(134,312,219)
(132,312,219)
(132,310,220)
(128,308,222)
(128,306,225)
(129,306,227)
(128,309,226)
(129,309,224)
(128,311,222)
(130,312,220)
(134,311,217)
(139,315,218)
(145,312,217)
(148,308,219)
(152,303,222)
(154,293,224)
(154,285,230)
(154,276,234)
(151,267,240)
(146,261,245)
(138,254,249)
(132,250,252)
(123,248,255)
(114,243,258)
(111,242,261)
(108,239,263)
(111,237,264)
(113,239,262)
(114,242,261)
(115,248,261)
(114,252,259)
(114,256,260)
(114,259,255)
(114,260,252)
(114,265,251)
(112,267,249)
(111,269,248)
(111,272,249)
(112,271,247)
(113,271,246)
(114,274,248)
(114,272,246)
(113,271,249)
(114,272,250)
(112,271,248)
(112,273,249)
(114,275,250)
(111,275,248)
(111,275,251)
(110,274,249)
(109,274,249)
(109,272,250)
(107,268,249)
(107,263,251)
(102,258,252)
(100,254,253)
(93,256,256)
(87,257,256)
(83,256,256)
(79,254,258)
(79,246,259)
(81,239,262)
(82,232,263)
(84,221,266)
(86,208,267)
(83,195,268)
(81,183,270)
(77,175,270)
(73,169,271)
(67,162,269)
(62,152,269)
(55,142,268)
(46,126,265)
(41,109,262)
(34,94,258)
(25,76,253)
(18,61,245)
(12,46,236)
(7,30,224)
(4,15,212)
(1,1,201)
(-5,-11,191)
(-8,-20,180)
(-14,-28,167)
(-19,-32,159)
(-23,-37,146)
(-27,-40,134)
(-33,-46,123)
(-37,-54,106)
(-40,-58,92)
(-43,-65,77)
(-44,-69,63)
(-44,-71,49)
(-46,-71,34)
(-48,-70,18)
(-49,-70,3)
(-52,-69,-7)
(-52,-69,-18)
(-55,-71,-24)
(-58,-69,-31)
(-60,-68,-34)
(-65,-64,-39)
(-70,-57,-42)
(-76,-49,-51)
(-87,-38,-59)
(-96,-26,-70)
(-108,-12,-82)
(-118,5,-91)
(-127,24,-99)
(-135,41,-108)
(-141,61,-113)
(-147,80,-119)
(-148,101,-125)
(-151,125,-126)
(-152,147,-128)
(-150,166,-128)
(-152,183,-127)
(-151,197,-124)
(-148,211,-123)
(-145,224,-121)
(-138,237,-119)
(-131,250,-122)
(-126,262,-121)
(-123,274,-118)
(-120,281,-113)
(-117,287,-108)
(-115,291,-106)
(-109,294,-105)
(-107,300,-103)
(-106,305,-99)
(-103,312,-93)
(-100,317,-88)
(-98,321,-87)
(-96,324,-85)
(-96,326,-83)
(-97,328,-80)
(-98,329,-77)
(-98,330,-73)
(-95,332,-69)
(-94,334,-72)
(-91,339,-69)
(-88,344,-69)
(-88,347,-68)
(-88,349,-63)
(-88,347,-61)
(-89,345,-60)
(-92,342,-62)
(-91,340,-64)
(-89,340,-66)
(-87,341,-64)
(-87,343,-58)
(-89,345,-50)
(-93,343,-40)
(-94,343,-34)
(-94,342,-30)
(-98,338,-30)
(-101,337,-30)
(-105,334,-28)
(-108,331,-24)
(-107,330,-17)
(-106,330,-12)
(-107,328,-1)
(-107,326,12)
(-110,321,29)
(-111,316,46)
(-112,310,60)
(-113,305,70)
(-113,300,78)
(-114,292,88)
(-113,286,97)
(-112,277,111)
(-109,269,122)
(-109,262,136)
(-108,254,145)
(-109,244,150)
(-110,234,153)
(-112,226,152)
(-113,215,154)
(-116,204,153)
(-120,191,155)
(-122,175,155)
(-126,164,150)
(-130,158,152)
(-130,158,153)
(-124,167,156)
(-118,181,162)
(-107,197,164)
(-100,219,164)
(-97,238,161)
(-92,256,157)
(-92,275,148)
(-93,290,137)
(-93,303,123)
(-97,311,103)
(-99,316,82)
(-102,318,62)
(-103,320,39)
(-103,324,23)
(-105,327,5)
(-104,330,-15)
(-104,329,-35)
(-104,324,-56)
(-103,321,-77)
(-102,314,-92)
(-102,308,-106)
(-101,299,-118)
(-100,289,-130)
(-97,285,-143)
(-93,281,-153)
(-90,283,-157)
(-90,289,-149)
(-93,299,-128)
(-95,312,-100)
(-94,326,-62)
(-88,338,-22)
(-81,345,14)
(-72,349,52)
(-65,345,80)
(-59,337,104)
(-60,327,124)
(-68,311,131)
(-82,293,135)
(-100,275,129)
(-117,258,116)
(-132,247,101)
(-144,238,80)
(-154,228,56)
(-160,217,28)
(-166,201,0)
(-169,185,-28)
(-170,173,-51)
(-172,160,-65)
(-172,152,-65)
(-172,148,-46)
(-170,143,-9)
(-163,145,38)
(-150,151,84)
(-134,165,123)
(-119,184,148)
(-103,202,167)
(-88,221,181)
(-73,237,189)
(-57,252,196)
(-41,266,199)
(-27,281,202)
(-14,293,203)
(-1,303,203)
(9,313,202)
(21,319,198)
(33,328,192)
(46,335,189)
(57,343,184)
(64,353,177)
(68,360,170)
(70,366,163)
(66,369,158)
(55,369,160)
(40,362,162)
(17,348,166)
(-3,333,173)
(-25,316,176)
(-45,296,179)
(-61,281,174)
(-82,266,167)
(-97,250,155)
(-112,242,140)
(-126,230,126)
(-137,217,106)
(-148,201,85)
(-158,177,60)
(-167,156,31)
(-170,137,12)
(-172,125,0)
(-170,125,7)
(-166,132,31)
(-160,145,57)
(-154,161,87)
(-143,177,115)
(-127,191,138)
(-110,205,161)
(-88,223,182)
(-65,241,195)
(-44,261,206)
(-23,278,213)
(-2,289,214)
(18,300,216)
(40,308,214)
(58,317,206)
(75,329,199)
(88,341,190)
(100,347,183)
(111,356,176)
(121,359,171)
(130,360,165)
(135,366,155)
(143,372,145)
(152,379,131)
(162,385,114)
(178,387,95)
(191,389,75)
(202,391,58)
(211,392,42)
(217,394,28)
(217,394,19)
(218,394,10)
(217,393,3)
(215,392,-6)
(216,392,-19)
(217,391,-31)
(216,389,-45)
(213,388,-57)
(211,388,-64)
(206,389,-69)
(207,389,-71)
(209,387,-75)
(210,382,-81)
(213,378,-87)
(213,375,-91)
(216,374,-86)
(220,374,-73)
(229,374,-54)
(237,375,-28)
(240,375,0)
(235,375,26)
(219,378,58)
(195,380,87)
(165,382,108)
(131,380,129)
(98,375,140)
(62,365,148)
(27,353,153)
(-5,339,153)
(-40,323,148)
(-73,307,129)
(-101,289,102)
(-125,273,73)
(-145,257,38)
(-154,238,7)
(-162,220,-22)
(-163,201,-52)
(-161,182,-80)
(-157,168,-103)
(-147,156,-127)
(-135,146,-151)
(-115,139,-176)
(-94,131,-201)
(-73,127,-222)
(-52,122,-237)
(-33,117,-248)
(-14,114,-256)
(2,108,-260)
(13,109,-264)
(16,106,-264)
(10,103,-260)
(-3,98,-255)
(-24,93,-242)
(-51,92,-227)
(-79,91,-206)
(-106,94,-176)
(-131,94,-143)
(-149,95,-101)
(-159,97,-59)
(-164,99,-15)
(-161,106,30)
(-153,111,73)
(-140,118,113)
(-124,126,146)
(-103,134,174)
(-82,143,197)
(-60,158,216)
(-35,175,231)
(-15,194,239)
(3,217,242)
(19,238,241)
(31,257,237)
(45,277,233)
(59,290,228)
(74,299,225)
(91,305,223)
(108,310,219)
(125,312,214)
(138,319,210)
(149,325,202)
(158,327,194)
(165,330,188)
(176,328,182)
(186,324,178)
(195,318,178)
(203,310,181)
(203,305,186)
(200,298,198)
(188,292,209)
(170,285,221)
(146,275,231)
(119,264,240)
(89,255,244)
(55,247,244)
(23,237,240)
(-11,231,229)
(-42,222,216)
(-70,212,201)
(-95,200,181)
(-114,184,164)
(-129,171,147)
(-140,162,126)
(-149,154,102)
(-159,150,73)
(-166,149,37)
(-170,145,3)
(-169,139,-33)
(-163,132,-67)
(-152,120,-98)
(-140,110,-129)
(-122,101,-155)
(-102,90,-177)
(-85,79,-195)
(-63,67,-207)
(-51,55,-211)
(-41,42,-212)
(-37,30,-207)
(-37,17,-202)
(-38,15,-199)
(-48,22,-197)
(-60,37,-195)
(-79,60,-190)
(-100,79,-177)
(-124,96,-153)
(-145,111,-116)
(-156,119,-62)
(-162,121,-5)
(-157,122,46)
(-148,121,87)
(-140,118,117)
(-128,118,142)
(-113,122,167)
(-93,128,192)
(-71,139,212)
(-49,154,226)
(-29,173,238)
(-10,191,245)
(5,214,247)
(15,238,243)
(19,262,233)
(11,287,214)
(-2,308,191)
(-27,324,160)
(-50,332,123)
(-73,338,84)
(-92,337,41)
(-101,332,4)
(-111,322,-30)
(-117,304,-65)
(-119,280,-91)
(-121,257,-121)
(-121,234,-145)
(-116,216,-161)
(-111,199,-177)
(-105,180,-187)
(-99,158,-196)
(-96,137,-205)
(-93,121,-207)
(-93,113,-209)
(-96,113,-207)
(-107,127,-190)
(-122,146,-166)
(-139,168,-128)
(-154,191,-80)
(-159,200,-33)
(-159,201,14)
(-153,199,57)
(-141,192,97)
(-130,185,131)
(-116,184,159)
(-101,185,181)
(-84,193,196)
(-69,204,207)
(-53,218,213)
(-33,234,217)
(-17,249,220)
(5,264,223)
(23,276,224)
(36,290,221)
(50,302,217)
(58,316,207)
(72,332,197)
(83,347,184)
(95,359,172)
(107,370,159)
(118,374,148)
(127,376,142)
(130,379,136)
(124,377,137)
(105,377,141)
(76,371,145)
(38,360,147)
(1,348,145)
(-30,332,137)
(-61,319,128)
(-83,305,117)
(-104,290,105)
(-124,274,94)
(-137,257,78)
(-148,242,61)
(-155,228,48)
(-159,213,42)
(-162,196,41)
(-164,179,41)
(-166,163,36)
(-169,148,19)
(-172,138,-2)
(-173,129,-22)
(-172,124,-37)
(-172,125,-36)
(-168,125,-15)
(-162,131,22)
(-156,139,67)
(-145,147,106)
(-133,156,137)
(-125,164,155)
(-116,178,165)
(-113,196,163)
(-112,221,150)
(-112,248,129)
(-114,273,99)
(-112,297,66)
(-106,319,29)
(-94,336,-13)
(-84,342,-59)
(-68,340,-105)
(-56,327,-146)
(-45,308,-180)
(-32,287,-206)
(-25,267,-225)
(-19,252,-237)
(-22,241,-242)
(-26,241,-241)
(-33,245,-237)
(-40,252,-229)
(-44,269,-215)
(-55,286,-185)
(-66,307,-143)
(-80,324,-96)
(-93,333,-48)
(-101,331,-4)
(-110,316,36)
(-115,297,72)
(-121,267,105)
(-125,235,126)
(-122,203,143)
(-121,167,154)
(-115,135,159)
(-112,113,159)
(-113,97,153)
(-114,84,144)
(-118,73,138)
(-121,63,131)
(-121,54,129)
(-119,53,128)
(-116,49,129)
(-106,37,131)
(-97,21,125)
(-91,0,112)
(-83,-18,93)
(-84,-35,69)
(-79,-48,50)
(-71,-56,38)
(-64,-64,22)
(-54,-69,9)
(-43,-72,-8)
(-32,-77,-29)
(-21,-80,-50)
(-11,-80,-73)
(-2,-78,-95)
(6,-71,-117)
(9,-61,-138)
(12,-49,-160)
(11,-35,-180)
(11,-18,-197)
(16,-1,-215)
(22,15,-227)
(33,34,-242)
(38,52,-253)
(37,68,-260)
(31,84,-266)
(21,97,-268)
(16,110,-270)
(10,124,-271)
(5,137,-271)
(-2,151,-269)
(-12,165,-267)
(-21,174,-263)
(-27,186,-262)
(-29,192,-259)
(-31,196,-256)
(-31,199,-255)
(-28,197,-254)
(-22,188,-261)
(-9,170,-267)
(7,149,-271)
(23,125,-275)
(40,105,-272)
(57,81,-266)
(68,53,-259)
(76,24,-243)
(85,-11,-220)
(88,-39,-191)
(93,-66,-158)
(100,-88,-119)
(100,-101,-76)
(101,-108,-30)
(95,-106,18)
(86,-98,60)
(77,-88,97)
(66,-77,126)
(57,-59,152)
(49,-39,177)
(44,-9,200)
(41,24,220)
(46,60,238)
(48,100,249)
(47,137,256)
(46,175,258)
(43,211,253)
(42,245,244)
(44,275,232)
(49,304,217)
(56,328,202)
(65,347,186)
(73,363,170)
(78,372,155)
(83,383,137)
(87,392,120)
(87,399,101)
(90,409,84)
(92,413,69)
(96,415,56)
(102,420,41)
(107,420,26)
(114,422,11)
(120,423,-11)
(125,419,-31)
(132,418,-53)
(135,415,-73)
(135,412,-86)
(138,410,-99)
(135,407,-105)
(134,405,-113)
(137,403,-121)
(136,402,-124)
(140,404,-124)
(141,406,-116)
(139,409,-102)
(139,413,-79)
(138,416,-52)
(138,416,-17)
(138,413,24)
(135,405,67)
(133,387,111)
(132,363,153)
(126,332,191)
(120,294,222)
(111,251,247)
(99,204,261)
(86,159,265)
(71,114,261)
(59,75,248)
(49,38,231)
(48,4,212)
(51,-23,191)
(60,-47,167)
(71,-63,141)
(85,-78,114)
(100,-90,85)
(109,-98,57)
(117,-105,27)
(115,-107,-4)
(107,-107,-36)
(100,-103,-68)
(89,-98,-97)
(85,-88,-120)
(88,-76,-140)
(96,-66,-159)
(109,-54,-176)
(119,-41,-192)
(127,-26,-205)
(131,-9,-217)
(135,7,-228)
(137,24,-239)
(142,49,-248)
(151,76,-256)
(154,104,-263)
(160,132,-269)
(162,155,-274)
(159,178,-276)
(160,199,-275)
(157,219,-271)
(154,237,-264)
(149,255,-258)
(141,270,-254)
(137,285,-248)
(133,294,-246)
(131,300,-242)
(127,309,-238)
(123,312,-235)
(123,317,-231)
(122,319,-231)
(127,313,-232)
(132,303,-235)
(135,288,-242)
(138,268,-252)
(139,245,-260)
(139,219,-267)
(139,190,-272)
(142,160,-271)
(140,132,-272)
(137,104,-271)
(131,80,-266)
(124,54,-260)
(120,27,-247)
(118,-1,-224)
(114,-32,-195)
(112,-60,-160)
(110,-84,-117)
(107,-100,-72)
(104,-104,-25)
(96,-101,26)
(84,-90,73)
(68,-71,116)
(55,-54,152)
(51,-34,176)
(54,-20,195)
(60,-6,206)
(66,10,219)
(69,28,231)
(72,55,241)
(78,82,251)
(85,113,260)
(89,144,264)
(90,172,266)
(89,198,266)
(87,219,261)
(85,237,257)
(86,253,254)
(89,269,246)
(90,286,240)
(90,300,233)
(88,312,226)
(82,322,217)
(75,329,211)
(74,330,206)
(72,329,206)
(73,327,212)
(78,316,217)
(79,309,224)
(79,299,230)
(81,285,237)
(79,273,244)
(82,261,253)
(86,245,260)
(90,226,268)
(95,200,273)
(99,161,272)
(107,115,263)
(115,64,245)
(120,20,223)
(122,-14,203)
(119,-37,184)
(118,-57,158)
(116,-74,129)
(115,-87,95)
(120,-100,56)
(124,-104,26)
(129,-106,-5)
(135,-106,-29)
(139,-104,-45)
(145,-101,-60)
(153,-95,-68)
(161,-89,-81)
(170,-80,-98)
(177,-71,-115)
(185,-61,-133)
(190,-51,-146)
(189,-43,-156)
(188,-36,-166)
(183,-32,-173)
(182,-27,-183)
(184,-21,-193)
(187,-14,-195)
(194,-9,-197)
(200,-7,-191)
(205,-13,-180)
(212,-22,-165)
(218,-32,-145)
(224,-44,-120)
(231,-53,-92)
(235,-58,-61)
(236,-62,-27)
(238,-59,9)
(235,-52,44)
(236,-43,79)
(236,-28,112)
(238,-10,138)
(242,13,164)
(245,42,184)
(250,74,197)
(253,105,206)
(255,135,210)
(253,156,210)
(253,172,212)
(249,186,213)
(244,197,214)
(244,210,214)
(241,217,216)
(239,210,218)
(241,192,221)
(238,164,224)
(237,135,226)
(239,109,222)
(237,85,216)
(237,67,211)
(237,58,207)
(233,52,206)
(235,51,204)
(238,48,198)
(242,43,190)
(250,44,183)
(255,43,179)
(258,47,177)
(262,48,175)
(262,48,178)
(263,49,178)
(262,51,180)
(263,56,180)
(265,60,181)
(266,66,183)
(270,72,182)
(271,74,182)
(276,80,179)
(280,87,175)
(282,94,174)
(288,110,175)
(289,130,175)
(286,158,179)
(281,192,180)
(270,231,173)
(262,267,162)
(253,300,146)
(250,325,125)
(250,341,109)
(248,355,89)
(247,361,71)
(242,371,53)
(234,379,29)
(226,384,5)
(221,390,-22)
(213,391,-49)
(208,388,-75)
(208,383,-98)
(208,375,-114)
(210,364,-131)
(210,355,-143)
(206,343,-156)
(205,338,-170)
(204,331,-182)
(202,318,-198)
(202,305,-212)
(199,285,-225)
(198,268,-234)
(198,259,-241)
(197,252,-246)
(197,249,-247)
(198,248,-247)
(201,247,-244)
(202,248,-240)
(204,253,-237)
(208,252,-238)
(209,251,-239)
(215,246,-239)
(222,237,-237)
(229,233,-234)
(233,227,-230)
(237,225,-231)
(237,225,-232)
(237,227,-234)
(237,229,-236)
(237,228,-236)
(235,225,-237)
(231,223,-238)
(230,219,-241)
(224,220,-241)
(222,223,-242)
(221,228,-240)
(218,245,-236)
(218,265,-228)
(221,286,-216)
(223,304,-202)
(223,316,-187)
(223,327,-173)
(224,338,-155)
(226,354,-130)
(232,367,-98)
(236,376,-59)
(236,378,-11)
(239,370,35)
(240,355,80)
(244,331,121)
(248,306,151)
(251,275,173)
(254,242,191)
(253,204,201)
(252,167,208)
(251,131,208)
(248,97,202)
(248,68,192)
(245,35,176)
(243,9,154)
(246,-9,130)
(250,-19,99)
(261,-17,75)
(272,-13,57)
(283,-5,45)
(293,4,47)
(301,17,56)
(306,39,75)
(309,70,97)
(307,111,120)
(306,154,134)
(305,197,134)
(302,237,129)
(301,270,111)
(296,297,92)
(291,319,66)
(284,335,39)
(278,346,12)
(273,353,-19)
(270,352,-50)
(272,341,-81)
(273,324,-110)
(273,300,-136)
(275,271,-162)
(274,240,-182)
(274,209,-198)
(275,177,-207)
(273,147,-207)
(271,120,-204)
(267,91,-200)
(261,65,-194)
(255,44,-187)
(250,26,-175)
(249,10,-163)
(246,-3,-149)
(244,-17,-134)
(242,-30,-122)
(238,-41,-104)
(237,-49,-90)
(234,-57,-75)
(231,-63,-64)
(230,-62,-56)
(227,-64,-47)
(227,-62,-45)
(226,-62,-37)
(224,-66,-34)
(224,-68,-26)
(223,-68,-16)
(223,-69,-10)
(222,-70,-4)
(221,-71,-4)
(221,-72,-7)
(221,-71,-13)
(225,-69,-23)
(225,-68,-38)
(225,-66,-60)
(221,-58,-86)
(216,-48,-114)
(214,-32,-143)
(213,-10,-170)
(216,15,-194)
(215,47,-218)
(220,86,-233)
(225,128,-242)
(228,170,-239)
(237,215,-226)
(241,257,-204)
(247,290,-175)
(253,319,-146)
(256,338,-117)
(261,351,-83)
(261,358,-48)
(264,357,-5)
(264,347,45)
(264,326,91)
(263,300,132)
(261,277,163)
(258,247,186)
(255,214,199)
(249,180,211)
(246,144,217)
(245,112,214)
(245,87,208)
(249,70,197)
(250,51,186)
(253,38,176)
(256,29,165)
(256,18,157)
(257,10,151)
(252,3,145)
(245,-4,140)
(241,-11,131)
(238,-18,121)
(240,-23,111)
(242,-28,98)
(246,-31,85)
(245,-36,68)
(243,-39,53)
(244,-44,39)
(241,-47,30)
(240,-48,26)
(243,-45,38)
(245,-38,60)
(248,-23,92)
(251,2,132)
(248,33,167)
(243,73,195)
(237,114,215)
(232,155,225)
(227,195,225)
(220,236,216)
(211,277,197)
(202,318,169)
(195,353,134)
(189,380,92)
(186,395,53)
(182,402,12)
(175,402,-36)
(170,392,-83)
(164,378,-130)
(166,362,-168)
(171,341,-193)
(179,319,-210)
(194,293,-224)
(202,259,-238)
(210,224,-246)
(216,193,-253)
(211,155,-257)
(205,120,-258)
(198,89,-253)
(195,57,-242)
(198,34,-230)
(200,14,-211)
(202,-7,-194)
(196,-29,-178)
(191,-47,-161)
(185,-60,-145)
(179,-70,-131)
(178,-75,-116)
(174,-79,-106)
(173,-84,-101)
(174,-82,-103)
(175,-79,-108)
(176,-76,-116)
(176,-68,-126)
(175,-67,-136)
(173,-63,-150)
(172,-55,-160)
(170,-47,-172)
(170,-35,-186)
(172,-21,-198)
(172,-6,-214)
(170,9,-229)
(162,27,-243)
(151,45,-259)
(144,69,-269)
(141,99,-277)
(140,133,-280)
(140,170,-278)
(137,207,-271)
(140,257,-249)
(143,307,-216)
(146,352,-171)
(151,391,-115)
(146,408,-63)
(141,415,-12)
(135,417,32)
(128,412,73)
(125,399,109)
(122,381,142)
(120,352,179)
(120,319,211)
(116,286,237)
(111,252,258)
(103,224,269)
(98,196,273)
(97,173,274)
(98,152,272)
(104,137,270)
(108,123,268)
(112,112,266)
(114,108,264)
(113,114,266)
(112,132,268)
(108,158,269)
(102,190,270)
(100,224,264)
(96,258,252)
(97,288,237)
(100,315,218)
(99,343,191)
(103,370,159)
(104,392,117)
(102,411,68)
(104,418,20)
(108,418,-24)
(111,415,-63)
(119,404,-101)
(127,390,-135)
(133,373,-166)
(142,352,-193)
(146,330,-213)
(154,304,-231)
(160,275,-245)
(169,243,-251)
(185,206,-255)
(196,169,-255)
(208,136,-250)
(216,102,-248)
(215,75,-240)
(215,52,-230)
(215,32,-219)
(215,19,-207)
(221,8,-195)
(221,2,-186)
(221,0,-183)
(216,1,-187)
(210,11,-198)
(201,24,-215)
(193,43,-233)
(185,64,-250)
(174,88,-263)
(167,123,-273)
(155,163,-277)
(142,209,-275)
(131,258,-264)
(122,299,-240)
(114,336,-210)
(115,365,-176)
(115,387,-142)
(112,403,-109)
(114,415,-71)
(110,421,-32)
(112,421,9)
(113,415,50)
(111,406,85)
(110,392,117)
(106,377,148)
(104,356,178)
(105,328,205)
(108,300,229)
(108,272,243)
(112,250,255)
(115,231,264)
(116,213,267)
(117,200,269)
(114,197,269)
(113,208,264)
(113,231,261)
(112,263,248)
(112,296,232)
(110,325,216)
(107,346,196)
(107,360,179)
(106,372,162)
(107,384,145)
(110,394,124)
(112,406,104)
(115,413,78)
(120,417,40)
(124,417,0)
(127,417,-40)
(131,410,-76)
(133,404,-101)
(134,400,-120)
(139,389,-139)
(139,380,-158)
(141,367,-177)
(145,355,-192)
(151,338,-208)
(157,320,-221)
(164,303,-230)
(172,283,-241)
(179,267,-246)
(187,248,-249)
(195,228,-252)
(198,208,-253)
(201,189,-255)
(202,176,-258)
(203,164,-261)
(203,161,-262)
(202,161,-264)
(200,167,-261)
(198,178,-260)
(195,189,-261)
(188,204,-258)
(184,219,-259)
(179,230,-258)
(176,242,-257)
(173,251,-258)
(168,260,-256)
(164,269,-254)
(160,275,-252)
(158,283,-249)
(157,287,-244)
(153,293,-243)
(152,299,-241)
(148,300,-240)
(146,305,-241)
(147,310,-239)
(147,316,-235)
(147,323,-230)
(143,327,-224)
(140,333,-218)
(133,336,-212)
(133,341,-209)
(129,346,-206)
(123,352,-199)
(124,361,-192)
(118,369,-183)
(115,374,-171)
(112,381,-163)
(105,386,-154)
(103,390,-142)
(99,395,-133)
(97,399,-121)
(97,405,-110)
(94,409,-100)
(92,414,-84)
(91,420,-67)
(87,423,-47)
(83,426,-21)
(82,425,4)
(77,421,30)
(76,414,60)
(77,408,82)
(80,401,103)
(78,391,125)
(77,380,143)
(72,367,161)
(68,354,178)
(69,343,192)
(73,328,205)
(77,318,216)
(84,311,223)
(92,313,222)
(94,329,206)
(96,352,179)
(92,378,145)
(90,399,107)
(90,413,70)
(95,417,33)
(101,421,-5)
(104,421,-42)
(103,413,-77)
(98,407,-113)
(97,391,-143)
(91,376,-169)
(83,360,-190)
(72,347,-200)
(56,338,-208)
(44,330,-211)
(32,328,-215)
(20,323,-215)
(13,319,-214)
(6,317,-214)
(4,317,-212)
(11,319,-212)
(27,323,-216)
(54,328,-217)
(88,336,-212)
(120,340,-204)
(153,347,-192)
(180,352,-176)
(201,352,-164)
(219,352,-149)
(232,351,-136)
(243,347,-125)
(253,345,-114)
(261,344,-111)
(261,342,-115)
(252,342,-128)
(234,341,-146)
(209,341,-167)
(184,344,-183)
(155,345,-194)
(130,348,-201)
(103,349,-206)
(78,346,-207)
(57,345,-206)
(32,341,-202)
(14,338,-192)
(-6,337,-183)
(-23,334,-176)
(-35,331,-171)
(-41,327,-171)
(-38,320,-180)
(-23,312,-194)
(2,305,-213)
(39,302,-229)
(81,299,-236)
(122,299,-237)
(164,302,-224)
(196,298,-213)
(223,295,-204)
(244,285,-190)
(260,265,-190)
(271,242,-191)
(276,213,-195)
(275,183,-206)
(267,144,-211)
(259,110,-215)
(250,82,-218)
(243,58,-213)
(242,52,-211)
(245,61,-215)
(246,75,-219)
(247,100,-231)
(242,134,-241)
(235,168,-246)
(227,208,-244)
(217,244,-237)
(211,275,-229)
(207,299,-216)
(205,313,-205)
(208,323,-195)
(210,334,-178)
(211,341,-163)
(212,351,-145)
(213,363,-125)
(214,373,-93)
(218,382,-53)
(222,383,-7)
(225,379,42)
(232,367,76)
(237,352,106)
(243,331,136)
(246,305,158)
(247,277,181)
(251,249,196)
(255,228,202)
(261,211,209)
(263,199,209)
(265,189,208)
(263,179,208)
(264,169,208)
(263,162,212)
(262,155,216)
(258,151,221)
(250,143,223)
(245,133,225)
(238,125,226)
(233,112,228)
(233,99,229)
(230,90,229)
(228,76,226)
(227,65,220)
(224,50,214)
(220,29,201)
(216,4,180)
(215,-21,157)
(212,-42,125)
(213,-57,99)
(218,-63,84)
(221,-59,83)
(225,-44,104)
(232,-19,135)
(243,20,164)
(259,63,183)
(269,104,195)
(269,138,204)
(257,161,212)
(242,182,221)
(236,199,225)
(235,213,223)
(234,224,225)
(224,228,228)
(212,238,232)
(194,251,237)
(173,271,233)
(150,296,226)
(121,318,214)
(93,337,201)
(70,343,192)
(52,350,182)
(40,352,177)
(36,351,177)
(36,351,178)
(40,347,185)
(45,342,194)
(57,335,201)
(71,328,212)
(87,320,217)
(104,318,221)
(121,319,216)
(147,323,205)
(175,330,185)
(205,334,160)
(222,339,149)
(222,343,142)
(209,344,150)
(189,346,160)
(169,347,165)
(154,349,170)
(147,351,171)
(142,352,175)
(140,354,175)
(136,359,173)
(133,359,173)
(133,360,171)
(133,361,172)
(133,356,175)
(130,356,177)
(127,355,180)
(126,355,181)
(127,358,178)
(128,357,175)
(133,356,175)
(135,352,175)
(136,351,177)
(143,352,175)
(146,353,172)
(150,353,167)
(154,350,164)
(154,347,167)
(151,344,171)
(149,344,172)
(145,346,178)
(140,347,179)
(141,347,178)
(139,348,183)
(140,346,180)
(144,345,186)
(146,344,185)
(147,341,185)
(145,343,183)
(141,345,180)
(135,346,181)
(134,347,182)
(136,348,186)
(135,348,184)
(136,352,185)
(135,355,183)
(134,357,182)
(135,358,182)
(136,355,183)
(139,354,184)
(138,353,184)
(142,351,184)
(145,350,183)
(146,350,181)
(149,348,182)
(149,346,184)
(150,344,186)
(149,339,187)
(150,340,188)
(153,340,187)
(152,339,184)
(151,342,186)
(149,344,185)
(144,347,186)
(142,349,187)
(141,350,185)
(138,349,188)
(137,350,190)
(133,352,195)
(133,353,197)
(136,353,197)
(140,352,199)
(146,348,196)
(149,347,194)
(150,343,192)
(149,342,187)
(151,344,187)
(149,345,187)
(148,346,186)
(146,349,188)
(141,348,188)
(136,352,185)
(127,355,182)
(121,359,179)
(118,363,176)
(114,363,177)
(116,364,175)
(116,361,175)
(114,362,175)
(113,361,174)
(114,359,178)
(118,355,180)
(121,350,185)
(128,345,190)
(131,340,192)
(138,335,196)
(153,327,199)
(169,323,199)
(189,318,199)
(208,313,192)
(220,309,183)
(237,307,172)
(254,302,157)
(270,302,142)
(290,299,122)
(301,294,97)
(309,291,72)
(318,290,42)
(319,291,14)
(321,293,-12)
(320,294,-35)
(316,292,-54)
(314,292,-70)
(310,293,-85)
(302,294,-102)
(295,294,-119)
(285,292,-139)
(272,290,-155)
(261,288,-173)
(248,287,-187)
(236,286,-198)
(224,283,-211)
(211,280,-223)
(194,276,-234)
(176,275,-243)
(159,275,-252)
(144,277,-253)
(134,276,-253)
(123,277,-255)
(109,275,-253)
(95,272,-256)
(78,268,-258)
(61,259,-259)
(43,254,-258)
(24,246,-255)
(16,243,-256)
(33,245,-259)
(67,251,-261)
(113,259,-261)
(165,266,-248)
(205,274,-225)
(240,279,-194)
(269,286,-156)
(291,290,-120)
(306,289,-84)
(316,287,-50)
(321,283,-10)
(317,280,34)
(308,277,75)
(300,272,110)
(289,270,135)
(275,265,157)
(259,265,172)
(242,265,191)
(226,260,207)
(211,261,219)
(191,259,232)
(165,257,241)
(134,260,252)
(103,259,254)
(69,259,252)
(33,259,245)
(0,259,231)
(-32,261,213)
(-64,261,190)
(-85,262,168)
(-101,259,145)
(-118,253,128)
(-126,249,115)
(-134,247,101)
(-141,251,83)
(-143,261,60)
(-144,272,36)
(-144,281,7)
(-139,286,-23)
(-134,290,-51)
(-124,296,-79)
(-106,301,-108)
(-88,304,-136)
(-62,305,-162)
(-37,304,-190)
(-8,301,-210)
(19,299,-226)
(45,298,-239)
(75,298,-244)
(100,298,-246)
(126,299,-243)
(153,298,-239)
(175,296,-235)
(193,297,-228)
(212,297,-215)
(227,301,-200)
(241,303,-185)
(252,305,-170)
(262,307,-161)
(268,308,-154)
(275,312,-145)
(280,314,-136)
(282,317,-131)
(282,316,-130)
(277,314,-137)
(265,314,-153)
(243,311,-175)
(219,310,-197)
(189,308,-217)
(160,302,-234)
(135,297,-241)
(112,293,-247)
(91,292,-249)
(73,293,-250)
(54,294,-247)
(29,294,-238)
(3,292,-228)
(-25,290,-214)
(-50,288,-197)
(-70,286,-180)
(-89,287,-161)
(-103,288,-137)
(-114,288,-116)
(-124,289,-88)
(-131,287,-56)
(-136,283,-20)
(-138,276,26)
(-132,273,69)
(-123,268,109)
(-109,265,139)
(-94,265,157)
(-81,261,171)
(-65,261,185)
(-46,257,203)
(-31,251,220)
(-21,245,230)
(-14,241,238)
(-6,241,240)
(4,241,243)
(25,240,251)
(46,236,255)
(60,234,261)
(64,234,263)
(51,235,257)
(23,242,246)
(-9,246,230)
(-47,250,205)
(-85,254,167)
(-118,254,106)
(-142,257,37)
(-145,260,-30)
(-134,263,-92)
(-110,267,-133)
(-80,274,-166)
(-49,282,-194)
(-9,290,-215)
(30,295,-228)
(69,297,-236)
(104,298,-240)
(126,299,-238)
(147,298,-235)
(160,298,-234)
(154,294,-239)
(133,286,-248)
(95,275,-254)
(53,262,-258)
(7,247,-251)
(-39,233,-227)
(-84,215,-184)
(-129,195,-127)
(-158,173,-60)
(-167,154,7)
(-162,142,61)
(-147,136,107)
(-126,132,149)
(-105,130,179)
(-80,132,205)
(-54,137,225)
(-31,149,239)
(-12,162,251)
(14,171,258)
(49,176,265)
(89,172,267)
(136,165,263)
(179,157,253)
(220,151,232)
(259,152,200)
(296,154,158)
(324,159,108)
(339,156,58)
(349,156,10)
(347,154,-37)
(336,151,-85)
(314,151,-135)
(286,148,-181)
(257,148,-217)
(229,150,-238)
(206,150,-251)
(184,151,-261)
(159,148,-268)
(141,146,-278)
(141,146,-281)
(163,145,-270)
(210,145,-245)
(263,143,-201)
(309,146,-148)
(336,150,-92)
(347,163,-31)
(343,172,32)
(325,181,93)
(298,187,153)
(251,186,201)
(183,190,236)
(120,192,257)
(59,199,262)
(17,202,257)
(-7,201,246)
(-31,198,234)
(-61,193,208)
(-98,191,171)
(-125,190,121)
(-155,187,58)
(-166,183,-2)
(-164,178,-59)
(-157,176,-107)
(-137,175,-146)
(-109,175,-184)
(-77,175,-215)
(-37,175,-246)
(11,180,-267)
(56,187,-275)
(101,197,-278)
(145,208,-271)
(182,220,-258)
(215,230,-241)
(245,239,-215)
(270,249,-189)
(290,256,-160)
(308,260,-126)
(322,262,-89)
(331,258,-54)
(338,258,-19)
(340,257,10)
(340,254,29)
(339,252,48)
(338,248,60)
(335,244,71)
(333,239,82)
(331,236,91)
(327,233,99)
(324,232,107)
(322,233,112)
(321,234,117)
(319,233,124)
(318,231,127)
(314,231,133)
(307,231,135)
(304,231,137)
(305,231,138)
(305,231,137)
(306,231,138)
(310,232,132)
(314,233,127)
(321,231,115)
(332,229,93)
(340,227,74)
(347,227,36)
(350,226,-3)
(347,228,-42)
(339,229,-87)
(325,229,-122)
(306,229,-153)
(282,228,-183)
(258,224,-211)
(229,221,-234)
(202,218,-254)
(171,210,-271)
(137,200,-282)
(105,187,-287)
(71,179,-289)
(39,174,-284)
(7,172,-273)
(-24,168,-257)
(-53,157,-240)
(-77,145,-224)
(-100,127,-199)
(-120,110,-171)
(-137,90,-132)
(-148,73,-91)
(-154,62,-55)
(-150,53,-2)
(-137,49,50)
(-118,51,101)
(-94,54,154)
(-71,57,183)
(-54,61,203)
(-34,63,221)
(-19,67,231)
(-7,70,239)
(5,74,245)
(14,75,248)
(32,69,249)
(48,65,251)
(67,61,251)
(92,58,251)
(110,60,250)
(137,65,248)
(160,69,247)
(180,76,243)
(201,83,236)
(221,88,226)
(244,93,208)
(266,95,190)
(285,97,175)
(300,102,155)
(313,104,140)
(321,104,126)
(330,102,110)
(337,96,95)
(337,93,74)
(339,93,53)
(340,94,32)
(339,97,11)
(340,97,-6)
(341,97,-27)
(343,94,-46)
(338,95,-68)
(335,94,-87)
(329,94,-104)
(321,100,-121)
(319,97,-132)
(312,99,-144)
(307,99,-157)
(301,94,-170)
(292,94,-178)
(290,91,-184)
(286,86,-186)
(280,83,-187)
(273,80,-195)
(265,73,-197)
(256,69,-203)
(249,66,-210)
(240,63,-215)
(225,61,-225)
(210,60,-232)
(198,54,-238)
(185,50,-242)
(177,49,-245)
(167,46,-250)
(154,42,-252)
(144,35,-256)
(133,28,-255)
(125,24,-252)
(116,23,-252)
(110,23,-248)
(110,23,-248)
(119,21,-248)
(135,21,-244)
(151,20,-241)
(165,20,-236)
(176,20,-230)
(186,19,-225)
(200,19,-218)
(215,20,-209)
(225,22,-202)
(235,26,-194)
(247,30,-183)
(258,29,-173)
(273,27,-157)
(286,26,-142)
(294,26,-129)
(303,29,-114)
(308,31,-104)
(311,31,-92)
(315,30,-84)
(315,29,-76)
(315,29,-65)
(319,30,-55)
(321,31,-44)
(324,32,-35)
(326,34,-26)
(324,35,-16)
(325,38,-6)
(327,40,7)
(326,40,22)
(326,45,35)
(326,49,51)
(325,54,66)
(323,59,80)
(319,61,95)
(314,62,112)
(308,63,123)
(304,64,134)
(299,68,146)
(292,73,156)
(287,79,168)
(281,86,178)
(276,89,183)
(278,89,180)
(281,85,173)
(288,81,163)
(299,76,152)
(305,74,144)
(311,71,135)
(315,68,125)
(318,66,110)
(321,62,91)
(325,58,71)
(328,51,50)
(324,44,32)
(324,37,14)
(321,32,1)
(318,26,-13)
(314,16,-32)
(310,9,-49)
(301,1,-68)
(294,-2,-85)
(290,0,-93)
(286,0,-96)
(289,1,-92)
(296,3,-80)
(303,5,-66)
(308,7,-52)
(313,10,-37)
(315,15,-20)
(318,20,0)
(319,23,22)
(319,29,42)
(316,35,63)
(312,39,84)
(306,45,104)
(302,46,119)
(301,44,120)
(303,43,112)
(309,39,96)
(312,35,76)
(315,30,53)
(316,22,27)
(314,16,0)
(309,13,-26)
(303,8,-52)
(295,6,-75)
(287,1,-97)
(277,-2,-120)
(263,-3,-140)
(253,-2,-153)
(251,0,-156)
(257,2,-147)
(275,6,-119)
(292,11,-85)
(309,18,-54)
(320,25,-27)
(326,35,-9)
(332,48,4)
(334,60,14)
(338,73,18)
(342,86,19)
(344,98,15)
(348,113,11)
(352,128,6)
(353,143,0)
(356,156,-5)
(354,178,-10)
(353,196,-12)
(353,209,-10)
(353,217,-9)
(356,210,-7)
(357,189,-4)
(356,160,-6)
(353,126,-11)
(346,90,-15)
(335,61,-22)
(319,36,-23)
(305,12,-25)
(289,-9,-29)
(273,-27,-33)
(257,-43,-40)
(244,-55,-43)
(236,-61,-41)
(235,-63,-36)
(247,-57,-24)
(264,-44,-7)
(281,-27,13)
(300,2,35)
(315,26,52)
(325,50,62)
(334,68,58)
(338,68,38)
(337,65,3)
(330,53,-40)
(316,36,-77)
(302,19,-96)
(289,1,-89)
(281,-13,-51)
(283,-7,6)
(286,12,63)
(292,47,113)
(298,90,146)
(301,121,160)
(302,144,165)
(304,154,166)
(311,152,151)
(321,142,123)
(331,120,89)
(336,92,44)
(331,62,6)
(315,32,-24)
(296,5,-52)
(276,-16,-67)
(263,-29,-67)
(266,-31,-41)
(275,-17,3)
(290,5,55)
(301,33,105)
(301,68,138)
(299,97,158)
(293,123,175)
(284,131,186)
(280,124,188)
(280,109,183)
(285,84,170)
(290,60,147)
(288,29,110)
(279,-1,71)
(266,-30,32)
(257,-47,0)
(249,-54,-19)
(247,-56,-32)
(247,-53,-39)
(247,-48,-47)
(249,-43,-56)
(248,-39,-68)
(248,-39,-84)
(247,-38,-100)
(239,-37,-116)
(224,-35,-135)
(203,-33,-154)
(184,-35,-170)
(166,-34,-183)
(160,-33,-192)
(154,-30,-200)
(151,-28,-207)
(165,-25,-207)
(185,-16,-198)
(219,-8,-177)
(259,5,-141)
(289,21,-105)
(315,35,-63)
(331,53,-15)
(339,73,26)
(334,98,77)
(321,126,122)
(296,161,161)
(261,196,196)
(230,226,217)
(192,255,232)
(159,280,232)
(128,305,222)
(96,327,207)
(69,344,190)
(44,356,172)
(16,365,151)
(-5,367,127)
(-30,370,90)
(-49,371,53)
(-62,367,17)
(-72,366,-15)
(-77,362,-36)
(-81,357,-54)
(-84,352,-69)
(-87,345,-80)
(-88,340,-88)
(-89,338,-94)
(-91,339,-87)
(-91,341,-76)
(-93,343,-58)
(-96,345,-30)
(-95,347,-2)
(-91,345,31)
(-86,344,63)
(-74,339,98)
(-56,333,131)
(-39,328,161)
(-17,314,190)
(2,300,213)
(19,283,230)
(34,265,243)
(50,249,253)
(62,233,259)
(70,214,267)
(78,199,270)
(81,185,271)
(80,179,272)
(78,179,272)
(71,188,271)
(64,206,270)
(56,225,263)
(47,244,255)
(42,261,250)
(34,274,242)
(27,284,232)
(22,298,220)
(11,316,201)
(3,334,179)
(-2,349,158)
(-6,364,140)
(-7,370,127)
(-11,374,113)
(-16,383,98)
(-23,389,79)
(-28,393,60)
(-33,396,43)
(-37,395,30)
(-44,387,15)
(-52,382,3)
(-58,379,-3)
(-61,377,-5)
(-62,377,6)
(-61,378,22)
(-58,374,43)
(-55,368,64)
(-52,365,84)
(-47,356,108)
(-45,344,129)
(-42,330,150)
(-39,316,169)
(-38,304,181)
(-33,293,194)
(-27,276,208)
(-21,260,223)
(-15,241,237)
(-10,224,245)
(-7,219,248)
(-5,220,248)
(-1,233,244)
(0,250,238)
(2,268,232)
(4,289,223)
(2,305,214)
(4,322,200)
(1,337,183)
(2,348,166)
(1,359,147)
(-1,373,121)
(-4,383,96)
(-11,390,70)
(-15,395,45)
(-22,393,36)
(-29,391,30)
(-32,390,31)
(-35,389,38)
(-33,388,49)
(-28,382,69)
(-23,375,92)
(-17,366,117)
(-10,355,140)
(0,350,158)
(11,341,176)
(24,330,192)
(35,318,208)
(41,303,222)
(49,291,235)
(53,277,244)
(63,260,255)
(79,237,265)
(98,212,269)
(117,189,271)
(139,163,265)
(161,138,256)
(179,114,249)
(196,85,236)
(209,64,227)
(213,46,217)
(214,29,208)
(212,14,202)
(203,0,193)
(196,-9,188)
(187,-18,184)
(177,-27,177)
(170,-33,171)
(161,-41,163)
(155,-45,156)
(150,-47,155)
(144,-51,157)
(136,-52,160)
(127,-51,163)
(120,-52,167)
(111,-51,170)
(105,-51,172)
(99,-53,174)
(93,-51,175)
(90,-49,174)
(91,-46,177)
(97,-42,180)
(108,-39,186)
(117,-41,187)
(124,-43,184)
(126,-46,179)
(121,-52,169)
(118,-56,165)
(107,-60,159)
(99,-65,156)
(91,-68,152)
(81,-70,148)
(73,-70,142)
(62,-72,137)
(48,-72,130)
(34,-75,126)
(22,-78,119)
(8,-76,109)
(-3,-76,103)
(-13,-74,88)
(-23,-72,78)
(-30,-76,68)
(-35,-76,57)
(-41,-74,54)
(-50,-71,49)
(-59,-65,43)
(-67,-60,38)
(-75,-58,31)
(-81,-52,25)
(-88,-46,23)
(-97,-38,22)
(-105,-29,23)
(-109,-24,23)
(-113,-19,18)
(-114,-16,17)
(-116,-12,16)
(-121,-7,15)
(-124,-3,18)
(-126,0,21)
(-128,1,24)
(-125,-3,27)
(-118,-9,30)
(-111,-18,33)
(-99,-31,35)
(-85,-43,43)
(-72,-56,49)
(-56,-66,56)
(-35,-76,63)
(-13,-84,68)
(11,-86,72)
(35,-91,74)
(49,-92,74)
(54,-94,71)
(45,-96,67)
(31,-94,66)
(14,-91,68)
(-3,-86,73)
(-21,-78,75)
(-37,-71,75)
(-58,-61,72)
(-76,-49,66)
(-88,-36,65)
(-102,-24,61)
(-111,-10,63)
(-119,5,65)
(-126,16,65)
(-130,27,68)
(-131,33,68)
(-134,33,74)
(-133,39,82)
(-131,40,90)
(-129,41,102)
(-127,47,108)
(-127,49,112)
(-128,53,118)
(-129,61,120)
(-129,67,125)
(-130,74,129)
(-129,82,130)
(-132,86,132)
(-129,88,134)
(-129,92,136)
(-133,96,136)
(-133,100,135)
(-136,101,133)
(-137,102,133)
(-133,102,132)
(-130,100,135)
(-128,99,135)
(-126,93,137)
(-124,84,140)
(-122,76,139)
(-124,68,142)
(-118,61,140)
(-113,55,141)
(-109,52,146)
(-101,49,150)
(-97,47,155)
(-93,42,156)
(-89,32,158)
(-83,20,157)
(-73,8,160)
(-58,2,169)
(-38,-3,178)
(-10,-6,191)
(22,-8,205)
(56,-6,213)
(88,5,222)
(122,29,233)
(147,56,241)
(168,81,247)
(187,102,252)
(198,122,252)
(209,148,246)
(215,193,236)
(213,241,220)
(208,288,199)
(200,329,178)
(187,357,151)
(177,380,121)
(166,399,87)
(154,414,46)
(147,423,6)
(141,424,-23)
(133,424,-35)
(132,422,-16)
(137,417,22)
(141,410,59)
(153,403,93)
(160,392,115)
(159,382,131)
(146,373,153)
(126,369,164)
(102,366,168)
(83,367,168)
(76,370,159)
(72,370,158)
(71,374,154)
(66,378,143)
(65,383,139)
(67,389,130)
(67,392,122)
(74,395,121)
(78,395,117)
(80,395,118)
(84,393,124)
(88,392,130)
(91,390,140)
(89,383,149)
(86,378,154)
(85,374,160)
(82,370,166)
(87,368,173)
(100,366,176)
(111,360,176)
(127,357,175)
(140,355,173)
(148,355,173)
(155,356,172)
(161,353,170)
(172,350,170)
(180,342,172)
(188,335,175)
(193,330,175)
(195,327,174)
(193,325,175)
(190,324,178)
(188,321,183)
(184,318,189)
(183,318,192)
(181,316,193)
(174,319,194)
(167,318,199)
(163,310,210)
(159,294,221)
(159,271,233)
(158,246,243)
(152,231,251)
(147,231,254)
(147,257,242)
(145,289,225)
(142,314,212)
(139,327,209)
(139,296,224)
(142,255,240)
(148,212,250)
(156,172,252)
(157,150,248)
(156,141,246)
(154,142,250)
(146,155,256)
(142,182,258)
(140,224,253)
(138,267,240)
(136,300,224)
(131,320,214)
(125,300,224)
(119,265,238)
(121,213,251)
(128,162,261)
(130,130,256)
(130,107,248)
(121,99,246)
(107,94,244)
(92,91,244)
(71,95,246)
(56,103,246)
(41,114,247)
(27,135,250)
(23,154,252)
(18,179,252)
(17,207,252)
(25,234,248)
(32,266,240)
(40,298,228)
(54,339,195)
(68,376,155)
(77,407,110)
(79,432,54)
(71,437,7)
(54,434,-38)
(41,412,-101)
(37,380,-154)
(42,337,-205)
(54,289,-251)
(66,233,-273)
(77,175,-283)
(85,120,-283)
(93,68,-274)
(103,32,-258)
(118,-1,-237)
(131,-25,-214)
(144,-44,-190)
(154,-58,-172)
(157,-61,-163)
(155,-64,-160)
(151,-59,-168)
(150,-49,-180)
(151,-34,-194)
(159,-23,-206)
(165,-16,-211)
(168,-12,-211)
(167,-16,-208)
(165,-19,-205)
(163,-24,-199)
(162,-31,-192)
(159,-36,-184)
(157,-41,-175)
(160,-46,-171)
(158,-50,-167)
(161,-57,-163)
(161,-61,-156)
(165,-67,-144)
(177,-66,-132)
(193,-62,-121)
(213,-56,-113)
(225,-51,-102)
(227,-56,-85)
(222,-62,-67)
(214,-71,-45)
(203,-81,-32)
(195,-86,-24)
(188,-89,-22)
(181,-92,-21)
(181,-90,-27)
(185,-87,-36)
(199,-74,-62)
(212,-56,-95)
(226,-33,-129)
(238,-4,-164)
(242,15,-179)
(243,17,-182)
(237,5,-171)
(228,-16,-155)
(214,-42,-137)
(201,-57,-127)
(189,-68,-115)
(178,-77,-100)
(160,-87,-89)
(139,-95,-79)
(116,-100,-77)
(93,-96,-97)
(94,-84,-124)
(121,-70,-139)
(159,-56,-148)
(199,-51,-133)
(220,-59,-93)
(210,-70,-60)
(178,-84,-47)
(140,-93,-54)
(129,-77,-99)
(144,-53,-140)
(187,-29,-159)
(230,-14,-152)
(248,-24,-113)
(221,-51,-78)
(182,-76,-59)
(147,-93,-62)
(122,-86,-98)
(140,-54,-146)
(172,-18,-181)
(211,8,-191)
(245,16,-170)
(261,1,-136)
(259,-27,-96)
(236,-50,-67)
(201,-74,-52)
(166,-91,-49)
(138,-89,-76)
(126,-77,-119)
(142,-44,-159)
(170,-12,-190)
(203,4,-191)
(231,6,-169)
(239,-18,-127)
(234,-45,-80)
(213,-67,-20)
(193,-79,31)
(178,-82,65)
(168,-85,74)
(169,-87,53)
(183,-83,12)
(203,-75,-22)
(225,-62,-33)
(243,-53,-26)
(243,-53,5)
(224,-56,42)
(196,-65,68)
(173,-73,69)
(154,-82,47)
(154,-84,-9)
(166,-74,-70)
(189,-56,-116)
(217,-37,-136)
(242,-27,-117)
(257,-30,-79)
(251,-43,-35)
(233,-59,-3)
(208,-72,13)
(182,-83,20)
(170,-87,29)
(162,-87,46)
(158,-89,63)
(155,-87,79)
(148,-86,85)
(135,-92,77)
(125,-94,64)
(121,-100,38)
(125,-103,12)
(142,-100,-6)
(167,-94,-18)
(195,-80,-16)
(222,-69,-4)
(243,-56,14)
(252,-46,30)
(252,-44,39)
(241,-50,40)
(224,-62,36)
(206,-76,33)
(188,-84,40)
(180,-83,53)
(181,-80,69)
(183,-75,82)
(190,-68,92)
(192,-69,95)
(189,-68,94)
(182,-71,89)
(166,-80,74)
(151,-89,39)
(143,-96,-4)
(153,-92,-44)
(176,-83,-80)
(200,-71,-94)
(209,-64,-99)
(194,-75,-91)
(165,-89,-73)
(135,-101,-43)
(117,-106,0)
(115,-98,40)
(129,-83,81)
(147,-69,113)
(162,-54,131)
(160,-51,139)
(138,-58,133)
(96,-69,99)
(50,-79,39)
(22,-79,-27)
(14,-64,-107)
(25,-44,-165)
(39,-27,-198)
(53,-14,-222)
(59,-8,-226)
(68,-5,-229)
(74,0,-232)
(78,7,-234)
(83,14,-241)
(83,22,-247)
(92,29,-251)
(100,36,-258)
(106,40,-259)
(111,46,-263)
(113,53,-269)
(120,64,-272)
(130,75,-273)
(143,86,-274)
(161,102,-269)
(183,119,-261)
(214,144,-248)
(244,177,-226)
(273,214,-193)
(295,248,-154)
(304,280,-112)
(312,303,-74)
(314,307,-61)
(312,303,-67)
(305,281,-100)
(288,246,-150)
(255,209,-199)
(211,167,-242)
(163,135,-268)
(106,111,-276)
(63,99,-275)
(38,97,-273)
(37,103,-274)
(59,117,-278)
(102,137,-279)
(149,162,-273)
(196,194,-249)
(239,225,-219)
(267,248,-187)
(285,265,-165)
(289,263,-163)
(284,248,-176)
(262,219,-206)
(239,188,-230)
(217,166,-249)
(204,153,-257)
(204,154,-255)
(208,153,-255)
(212,152,-252)
(216,146,-252)
(218,143,-252)
(219,143,-251)
(222,140,-250)
(218,138,-252)
(218,136,-252)
(216,135,-254)
(214,133,-256)
(217,135,-255)
(216,134,-252)
(217,134,-251)
(216,134,-250)
(215,133,-248)
(217,132,-250)
(219,131,-248)
(223,130,-248)
(223,128,-251)
(221,127,-249)
(220,128,-250)
(220,131,-251)
(219,131,-250)
(222,131,-252)
(222,130,-249)
(224,127,-250)
(225,126,-246)
(213,121,-246)
(183,106,-255)
(145,92,-258)
(109,80,-268)
(98,79,-274)
(129,105,-267)
(176,140,-258)
(228,194,-224)
(268,243,-184)
(280,287,-128)
(281,324,-68)
(270,345,-20)
(256,364,25)
(239,371,49)
(222,380,66)
(209,384,77)
(196,388,85)
(183,392,92)
(167,396,93)
(152,401,92)
(129,405,90)
(110,409,88)
(96,407,87)
(81,408,84)
(74,408,80)
(67,409,77)
(58,406,83)
(44,391,103)
(21,370,128)
(-5,341,154)
(-33,313,173)
(-55,294,176)
(-70,279,172)
(-86,267,158)
(-101,261,140)
(-123,242,104)
(-147,223,56)
(-160,210,7)
(-170,201,-38)
(-167,202,-63)
(-162,207,-79)
(-157,209,-91)
(-150,210,-105)
(-150,215,-103)
(-150,218,-90)
(-152,224,-47)
(-153,226,8)
(-136,235,67)
(-109,242,129)
(-71,251,174)
(-28,254,212)
(6,251,235)
(47,248,247)
(94,246,247)
(143,247,236)
(207,249,202)
(261,256,159)
(297,259,111)
(324,264,61)
(331,267,22)
(334,260,-19)
(335,251,-55)
(333,241,-77)
(332,232,-89)
(336,233,-80)
(337,239,-47)
(335,249,-5)
(329,260,40)
(308,270,94)
(285,277,128)
(268,284,149)
(259,289,156)
(273,291,126)
(290,290,92)
(310,287,44)
(324,282,-3)
(325,275,-42)
(323,264,-84)
(317,253,-117)
(311,245,-142)
(311,240,-145)
(312,239,-140)
(317,245,-119)
(323,250,-91)
(324,262,-48)
(321,277,-1)
(307,288,48)
(284,299,96)
(257,307,126)
(232,314,151)
(211,320,166)
(207,320,174)
(217,311,176)
(240,297,161)
(271,284,137)
(298,271,108)
(318,262,78)
(331,249,49)
(342,234,21)
(345,217,-15)
(345,204,-52)
(342,195,-82)
(337,189,-107)
(333,185,-123)
(328,181,-136)
(321,180,-150)
(307,181,-165)
(293,182,-182)
(278,180,-201)
(265,181,-215)
(256,180,-226)
(245,183,-232)
(240,186,-233)
(238,186,-234)
(239,186,-236)
(246,184,-231)
(254,184,-223)
(265,181,-211)
(280,181,-193)
(296,187,-170)
(311,195,-147)
(325,206,-118)
(332,221,-89)
(336,233,-67)
(335,250,-47)
(328,270,-31)
(318,294,-12)
(305,317,8)
(283,336,34)
(259,349,64)
(233,357,91)
(200,364,115)
(170,371,131)
(140,373,144)
(110,371,154)
(87,368,160)
(66,357,166)
(46,352,169)
(26,347,170)
(-4,333,162)
(-36,324,152)
(-66,312,137)
(-91,303,117)
(-107,300,101)
(-122,296,78)
(-129,293,54)
(-139,285,20)
(-142,278,-7)
(-140,272,-35)
(-141,268,-57)
(-141,265,-60)
(-142,264,-58)
(-146,264,-44)
(-149,263,-18)
(-150,267,4)
(-148,268,27)
(-144,268,52)
(-135,271,72)
(-125,273,93)
(-111,279,117)
(-98,287,132)
(-89,290,140)
(-81,292,148)
(-78,292,151)
(-86,290,141)
(-96,289,128)
(-110,290,106)
(-128,289,78)
(-133,289,58)
(-138,288,40)
(-140,287,30)
(-137,284,35)
(-136,281,50)
(-123,279,81)
(-102,275,122)
(-81,273,156)
(-50,265,192)
(-25,256,218)
(-6,247,232)
(6,233,245)
(6,219,249)
(0,202,250)
(-12,183,248)
(-19,162,243)
(-21,144,243)
(-17,128,241)
(-10,114,245)
(-4,103,246)
(3,90,244)
(8,77,240)
(18,58,231)
(28,42,224)
(39,27,220)
(48,11,213)
(57,3,211)
(63,-4,210)
(67,-9,209)
(72,-14,208)
(69,-18,203)
(56,-19,198)
(34,-16,194)
(0,4,194)
(-32,31,198)
(-62,66,197)
(-88,103,192)
(-101,127,178)
(-114,151,162)
(-125,166,141)
(-134,182,117)
(-144,205,92)
(-149,223,67)
(-150,248,42)
(-146,269,17)
(-139,287,-2)
(-127,310,-23)
(-111,327,-36)
(-93,346,-41)
(-72,362,-40)
(-43,378,-28)
(-12,396,-16)
(22,408,0)
(61,419,10)
(93,422,15)
(121,421,14)
(144,419,3)
(159,414,-8)
(170,411,-22)
(179,409,-34)
(185,406,-48)
(189,405,-62)
(192,400,-78)
(197,396,-90)
(208,390,-93)
(223,382,-91)
(237,376,-75)
(247,373,-53)
(248,374,-23)
(244,376,5)
(234,379,34)
(223,379,58)
(211,382,74)
(193,383,92)
(169,386,103)
(132,390,109)
(96,393,107)
(60,398,96)
(31,398,85)
(17,395,77)
(5,396,72)
(0,396,62)
(-7,398,45)
(-15,402,24)
(-18,400,5)
(-22,399,-4)
(-27,397,-11)
(-34,392,-21)
(-41,391,-26)
(-47,387,-34)
(-46,384,-45)
(-42,384,-52)
(-29,383,-74)
(-14,382,-98)
(3,381,-123)
(29,374,-155)
(49,362,-179)
(79,344,-204)
(108,321,-224)
(142,299,-235)
(180,278,-239)
(210,262,-229)
(241,248,-219)
(260,237,-208)
(276,225,-198)
(286,211,-190)
(296,201,-184)
(306,192,-178)
(279,208,-193)
(233,234,-213)
(168,266,-228)
(85,302,-232)
(17,320,-196)
(-31,332,-152)
(-64,341,-115)
(-80,344,-81)
(-81,348,-57)
(-84,352,-36)
(-83,352,-4)
(-75,355,38)
(-43,360,74)
(-1,369,103)
(59,381,106)
(127,389,81)
(188,373,9)
(237,346,-62)
(258,299,-134)
(264,250,-197)
(240,199,-222)
(213,149,-247)
(189,113,-255)
(161,78,-260)
(137,55,-259)
(109,39,-252)
(69,25,-241)
(31,15,-227)
(-14,12,-206)
(-49,11,-186)
(-76,17,-169)
(-99,24,-156)
(-103,29,-149)
(-107,32,-141)
(-107,26,-126)
(-114,25,-108)
(-124,29,-93)
(-135,35,-81)
(-146,48,-78)
(-151,56,-62)
(-156,60,-40)
(-152,62,12)
(-134,64,78)
(-113,63,132)
(-76,70,187)
(-40,79,214)
(-10,86,230)
(28,98,245)
(56,108,250)
(86,116,254)
(112,121,257)
(130,126,258)
(142,127,258)
(147,124,258)
(152,122,258)
(151,115,257)
(146,109,256)
(144,107,256)
(147,107,256)
(157,113,256)
(179,120,250)
(205,126,240)
(235,135,219)
(266,140,191)
(292,134,148)
(312,123,103)
(320,99,63)
(316,63,25)
(299,27,8)
(263,-13,-6)
(215,-52,-15)
(162,-79,-20)
(97,-93,-34)
(45,-90,-49)
(-5,-77,-62)
(-51,-56,-75)
(-86,-21,-87)
(-116,15,-99)
(-138,54,-113)
(-149,98,-132)
(-147,130,-147)
(-138,159,-164)
(-126,182,-180)
(-111,192,-193)
(-97,191,-206)
(-93,184,-212)
(-90,171,-215)
(-98,152,-213)
(-106,131,-206)
(-106,101,-196)
(-104,67,-183)
(-94,34,-166)
(-82,0,-150)
(-56,-38,-117)
(-24,-71,-77)
(32,-91,-25)
(97,-96,30)
(163,-64,74)
(227,-20,113)
(264,41,133)
(290,107,146)
(295,166,147)
(289,222,147)
(269,263,151)
(244,297,156)
(206,314,169)
(167,322,185)
(128,310,204)
(90,293,227)
(69,268,244)
(48,247,255)
(39,220,260)
(32,185,261)
(28,141,254)
(29,92,250)
(29,51,236)
(32,15,219)
(36,-10,202)
(39,-34,176)
(31,-51,142)
(15,-64,106)
(-26,-49,59)
(-72,-25,16)
(-112,16,-22)
(-147,66,-62)
(-152,100,-90)
(-152,137,-119)
(-140,162,-137)
(-133,182,-151)
(-134,178,-151)
(-137,156,-140)
(-136,108,-123)
(-125,50,-100)
(-90,-5,-73)
(-47,-56,-44)
(5,-81,-7)
(60,-98,30)
(116,-84,73)
(168,-54,111)
(206,-18,140)
(235,24,167)
(240,60,183)
(239,88,200)
(232,109,217)
(215,129,232)
(194,140,240)
(169,155,248)
(143,166,253)
(121,175,259)
(102,182,263)
(101,182,267)
(105,175,266)
(119,151,264)
(135,122,260)
(134,85,249)
(133,49,240)
(117,24,226)
(99,3,215)
(84,-10,205)
(66,-19,193)
(48,-25,184)
(29,-28,173)
(7,-28,159)
(-16,-29,145)
(-32,-30,132)
(-52,-29,108)
(-71,-25,86)
(-90,-16,63)
(-112,2,33)
(-128,20,11)
(-140,40,-9)
(-149,57,-25)
(-155,73,-33)
(-157,91,-42)
(-157,107,-54)
(-156,126,-65)
(-154,138,-80)
(-154,149,-94)
(-152,145,-104)
(-144,124,-114)
(-131,90,-121)
(-110,44,-120)
(-69,-6,-113)
(-26,-50,-98)
(26,-80,-76)
(97,-94,-46)
(153,-86,-14)
(209,-60,18)
(258,-28,47)
(290,19,64)
(311,70,81)
(322,116,95)
(324,157,113)
(304,172,145)
(279,183,174)
(255,182,201)
(224,165,225)
(206,149,236)
(192,121,243)
(178,90,243)
(173,62,236)
(174,34,219)
(180,12,201)
(187,-7,187)
(193,-5,183)
(194,8,191)
(191,35,209)
(186,69,227)
(180,99,241)
(170,128,253)
(155,147,257)
(134,164,261)
(110,176,264)
(83,193,265)
(61,211,260)
(46,235,252)
(41,261,242)
(52,275,235)
(70,286,235)
(106,278,237)
(140,265,240)
(170,245,240)
(197,221,239)
(209,196,234)
(218,173,229)
(219,153,228)
(219,137,226)
(218,138,227)
(216,141,230)
(223,157,227)
(224,181,225)
(219,216,220)
(208,254,212)
(172,292,207)
(118,316,201)
(65,322,198)
(10,312,196)
(-28,281,197)
(-50,237,201)
(-62,190,205)
(-61,145,212)
(-51,105,217)
(-39,81,220)
(-30,65,222)
(-23,59,221)
(-19,59,221)
(-16,64,223)
(-13,67,225)
(-18,82,229)
(-24,100,233)
(-29,123,233)
(-33,152,235)
(-30,173,235)
(-22,200,237)
(-9,226,240)
(20,250,242)
(56,269,242)
(90,271,246)
(128,258,249)
(151,233,251)
(170,201,253)
(175,163,252)
(163,134,252)
(128,101,249)
(80,75,242)
(22,58,221)
(-36,48,190)
(-81,51,157)
(-124,60,117)
(-147,74,82)
(-160,89,53)
(-171,107,9)
(-170,127,-27)
(-164,148,-70)
(-144,172,-124)
(-119,190,-163)
(-90,204,-200)
(-64,211,-226)
(-52,208,-237)
(-41,200,-245)
(-29,179,-252)
(-15,150,-256)
(11,108,-254)
(42,65,-248)
(84,30,-231)
(131,5,-211)
(179,1,-181)
(227,1,-150)
(267,21,-114)
(305,54,-66)
(327,105,-22)
(339,160,23)
(332,203,72)
(314,232,108)
(279,234,152)
(240,231,195)
(205,225,223)
(163,223,247)
(137,230,253)
(108,244,252)
(86,260,247)
(77,279,239)
(76,295,232)
(94,303,227)
(117,307,224)
(145,302,219)
(173,296,213)
(188,292,209)
(197,287,206)
(192,290,209)
(184,294,211)
(169,301,213)
(155,311,213)
(140,319,208)
(109,326,205)
(82,329,201)
(47,315,205)
(16,297,212)
(8,268,224)
(8,237,240)
(35,211,252)
(69,182,260)
(106,155,259)
(145,127,254)
(173,99,239)
(202,71,223)
(222,46,199)
(236,21,172)
(244,1,141)
(245,-18,106)
(240,-36,73)
(230,-51,39)
(218,-65,9)
(197,-76,-21)
(178,-81,-45)
(151,-86,-71)
(120,-85,-88)
(88,-83,-103)
(55,-81,-117)
(20,-69,-124)
(-12,-56,-131)
(-40,-36,-132)
(-65,-14,-134)
(-82,10,-140)
(-94,32,-147)
(-103,51,-154)
(-109,75,-161)
(-111,95,-166)
(-110,120,-173)
(-108,142,-177)
(-107,146,-178)
(-107,135,-174)
(-100,92,-158)
(-77,34,-139)
(-43,-20,-116)
(13,-69,-80)
(72,-93,-50)
(127,-95,-20)
(188,-80,10)
(229,-53,30)
(266,-25,47)
(296,11,63)
(308,42,74)
(319,79,84)
(324,114,95)
(321,129,105)
(318,132,116)
(310,121,130)
(298,98,144)
(282,75,157)
(266,57,169)
(254,38,172)
(251,33,174)
(255,37,172)
(260,40,172)
(263,61,180)
(261,82,190)
(253,109,205)
(245,138,217)
(227,156,228)
(208,173,238)
(184,186,245)
(160,192,254)
(155,185,258)
(158,171,258)
(176,153,253)
(196,144,244)
(213,144,234)
(225,157,225)
(236,172,214)
(247,188,203)
(254,206,191)
(263,217,181)
(269,216,178)
(273,201,181)
(271,171,190)
(267,136,198)
(258,105,203)
(244,78,205)
(234,62,202)
(217,43,203)
(200,27,202)
(184,13,202)
(161,-3,202)
(143,-12,198)
(126,-22,192)
(107,-30,186)
(89,-34,177)
(71,-37,169)
(53,-40,164)
(32,-40,157)
(17,-41,151)
(2,-43,147)
(-13,-40,140)
(-26,-40,135)
(-40,-35,129)
(-56,-28,118)
(-72,-23,107)
(-89,-11,94)
(-102,-1,82)
(-114,8,74)
(-126,22,66)
(-134,35,60)
(-143,50,56)
(-149,63,47)
(-153,72,41)
(-160,82,32)
(-164,94,19)
(-170,104,12)
(-174,116,4)
(-173,128,-2)
(-173,136,-6)
(-171,142,-9)
(-169,143,-12)
(-169,132,-10)
(-166,113,-3)
(-161,93,4)
(-158,73,12)
(-152,56,18)
(-147,44,24)
(-140,31,29)
(-131,18,37)
(-124,7,46)
(-112,0,55)
(-104,-9,64)
(-97,-13,70)
(-92,-15,74)
(-95,-18,76)
(-100,-12,68)
(-107,-6,61)
(-116,4,50)
(-123,12,39)
(-128,18,39)
(-133,24,34)
(-137,25,30)
(-139,30,26)
(-144,35,21)
(-145,40,17)
(-146,44,17)
(-147,43,19)
(-144,41,18)
(-146,40,20)
(-144,39,25)
(-143,42,30)
(-142,44,41)
(-138,45,55)
(-135,45,67)
(-134,46,84)
(-131,50,97)
(-130,53,111)
(-130,58,121)
(-127,63,125)
(-126,64,129)
(-126,67,131)
(-125,67,132)
(-127,69,130)
(-128,70,131)
(-126,70,129)
(-124,71,127)
(-125,72,126)
(-123,72,126)
(-123,74,128)
(-122,79,133)
(-119,83,142)
(-120,90,147)
(-119,106,155)
(-119,119,163)
(-116,134,168)
(-113,147,172)
(-112,153,174)
(-112,158,174)
(-111,159,173)
(-109,161,173)
(-110,161,173)
(-111,164,172)
(-112,171,172)
(-113,176,172)
(-112,181,174)
(-109,184,176)
(-109,188,178)
(-108,190,177)
(-108,196,175)
(-105,200,174)
(-104,202,174)
(-102,205,175)
(-101,203,173)
(-102,198,172)
(-101,192,174)
(-100,186,176)
(-99,177,186)
(-95,171,191)
(-91,163,194)
(-88,157,198)
(-85,152,196)
(-84,149,199)
(-85,148,200)
(-86,145,203)
(-86,142,206)
(-85,138,206)
(-81,129,210)
(-78,121,209)
(-72,112,210)
(-69,103,211)
(-64,95,210)
(-63,89,213)
(-60,81,214)
(-53,72,215)
(-48,67,217)
(-37,57,216)
(-33,54,216)
(-38,55,211)
(-48,60,206)
(-64,70,197)
(-81,81,187)
(-91,91,181)
(-99,100,175)
(-107,109,172)
(-112,118,169)
(-117,125,167)
(-123,131,162)
(-122,135,159)
(-124,142,154)
(-127,151,144)
(-131,159,136)
(-137,168,126)
(-142,174,120)
(-143,181,117)
(-145,186,113)
(-144,193,107)
(-146,198,100)
(-145,200,94)
(-146,205,89)
(-149,208,85)
(-150,211,82)
(-152,213,78)
(-153,216,74)
(-152,217,68)
(-152,219,62)
(-153,224,57)
(-153,226,50)
(-157,228,41)
(-159,226,30)
(-162,227,7)
(-163,224,-15)
(-162,219,-41)
(-158,216,-68)
(-156,202,-88)
(-153,187,-101)
(-152,164,-105)
(-155,135,-99)
(-153,100,-74)
(-149,65,-48)
(-140,36,-14)
(-126,7,24)
(-107,-9,53)
(-85,-23,86)
(-64,-32,110)
(-44,-35,127)
(-27,-37,138)
(-17,-40,145)
(-18,-41,144)
(-22,-41,139)
(-37,-40,126)
(-56,-38,103)
(-72,-34,82)
(-89,-30,55)
(-101,-25,34)
(-110,-17,15)
(-118,-10,-3)
(-123,-2,-14)
(-127,5,-24)
(-129,5,-18)
(-127,2,-5)
(-120,-5,18)
(-112,-14,41)
(-101,-18,61)
(-92,-20,79)
(-87,-19,90)
(-82,-18,103)
(-77,-16,111)
(-74,-16,121)
(-69,-15,129)
(-66,-15,134)
(-68,-14,133)
(-74,-10,124)
(-91,-4,107)
(-108,3,85)
(-125,12,57)
(-136,25,31)
(-141,31,10)
(-143,37,-8)
(-142,41,-18)
(-141,37,-33)
(-137,34,-47)
(-133,29,-60)
(-129,23,-75)
(-123,21,-87)
(-117,20,-98)
(-111,21,-107)
(-106,24,-112)
(-103,24,-114)
(-104,23,-113)
(-107,21,-110)
(-110,14,-99)
(-112,7,-84)
(-110,-3,-64)
(-107,-14,-40)
(-102,-23,-27)
(-96,-31,-11)
(-92,-35,0)
(-84,-39,9)
(-81,-42,23)
(-80,-42,34)
(-78,-44,43)
(-84,-41,48)
(-86,-37,47)
(-91,-32,34)
(-97,-26,22)
(-99,-19,5)
(-104,-16,-13)
(-105,-13,-27)
(-109,-8,-44)
(-110,-8,-57)
(-109,-3,-66)
(-109,-1,-70)
(-107,0,-76)
(-106,5,-84)
(-105,11,-94)
(-106,22,-107)
(-108,37,-123)
(-107,53,-141)
(-107,67,-156)
(-101,78,-172)
(-95,84,-181)
(-94,85,-185)
(-92,90,-190)
(-92,91,-191)
(-89,92,-191)
(-89,90,-188)
(-94,80,-175)
(-104,70,-155)
(-119,53,-126)
(-127,37,-93)
(-131,24,-65)
(-128,9,-29)
(-118,-2,-1)
(-101,-13,37)
(-79,-24,78)
(-40,-29,119)
(0,-30,157)
(47,-23,185)
(92,-13,206)
(129,-1,213)
(163,13,215)
(196,34,212)
(231,63,203)
(257,100,189)
(283,138,178)
(293,169,164)
(298,193,155)
(298,202,155)
(293,209,154)
(289,200,161)
(285,185,171)
(282,166,178)
(281,143,184)
(283,130,183)
(286,121,177)
(287,121,172)
(292,125,166)
(293,134,163)
(297,144,158)
(298,152,153)
(299,161,151)
(301,169,150)
(299,178,148)
(299,184,150)
(296,190,149)
(294,194,150)
(294,197,152)
(292,202,151)
(291,205,151)
(291,212,150)
(290,217,147)
(290,220,148)
(292,223,147)
(294,212,147)
(296,194,151)
(300,170,151)
(299,144,152)
(296,115,151)
(289,85,149)
(280,61,148)
(265,31,147)
(254,13,143)
(238,-2,138)
(223,-21,133)
(205,-36,130)
(184,-51,129)
(160,-61,127)
(125,-68,123)
(94,-74,115)
(51,-76,98)
(12,-74,81)
(-32,-56,56)
(-75,-33,29)
(-111,0,2)
(-140,43,-32)
(-150,77,-58)
(-151,113,-91)
(-140,140,-123)
(-128,158,-148)
(-110,171,-176)
(-92,180,-197)
(-77,184,-215)
(-57,186,-230)
(-41,187,-243)
(-24,185,-252)
(-2,182,-260)
(14,180,-267)
(31,175,-271)
(42,170,-276)
(46,170,-279)
(50,168,-281)
(51,169,-283)
(52,175,-284)
(51,178,-282)
(49,181,-279)
(43,185,-276)
(33,174,-271)
(18,161,-266)
(-5,138,-255)
(-27,107,-241)
(-49,74,-213)
(-65,39,-177)
(-75,8,-133)
(-82,-18,-92)
(-83,-33,-54)
(-82,-45,-20)
(-75,-46,10)
(-65,-50,48)
(-48,-51,85)
(-29,-48,119)
(-6,-44,144)
(15,-36,166)
(33,-29,179)
(50,-25,187)
(64,-23,192)
(77,-23,194)
(90,-22,194)
(102,-22,199)
(107,-25,198)
(99,-30,193)
(81,-39,179)
(60,-52,156)
(33,-69,113)
(19,-82,65)
(9,-88,21)
(0,-90,-17)
(1,-89,-29)
(0,-90,-35)
(4,-94,-30)
(9,-95,-23)
(10,-94,-13)
(13,-95,-4)
(12,-94,5)
(12,-94,16)
(12,-93,23)
(13,-93,31)
(13,-94,34)
(14,-95,36)
(13,-96,32)
(8,-97,21)
(6,-94,9)
(1,-91,-6)
(-4,-88,-24)
(-10,-83,-39)
(-20,-78,-52)
(-27,-74,-63)
(-32,-69,-69)
(-38,-64,-76)
(-43,-58,-82)
(-48,-56,-84)
(-53,-52,-84)
(-55,-51,-85)
(-54,-50,-81)
(-57,-49,-78)
(-57,-48,-71)
(-57,-49,-60)
(-61,-51,-43)
(-60,-54,-27)
(-62,-56,-10)
(-67,-56,5)
(-69,-56,16)
(-72,-52,26)
(-77,-49,35)
(-79,-45,45)
(-82,-39,59)
(-83,-36,68)
(-81,-29,80)
(-79,-24,90)
(-79,-20,95)
(-78,-13,108)
(-78,-11,113)
(-81,-9,117)
(-83,-11,115)
(-83,-18,103)
(-80,-26,88)
(-76,-39,68)
(-69,-48,48)
(-65,-54,34)
(-64,-57,33)
(-65,-54,44)
(-65,-46,67)
(-69,-34,92)
(-71,-22,113)
(-72,-10,128)
(-73,-2,140)
(-73,6,152)
(-72,13,162)
(-69,18,169)
(-67,26,174)
(-60,27,179)
(-49,26,185)
(-36,25,192)
(-22,21,202)
(-9,22,208)
(2,23,212)
(9,23,215)
(14,22,215)
(16,19,217)
(7,18,216)
(-4,16,211)
(-20,13,198)
(-42,13,184)
(-56,16,170)
(-70,19,157)
(-79,23,148)
(-82,27,142)
(-87,29,140)
(-89,29,135)
(-92,29,129)
(-100,27,119)
(-106,22,109)
(-112,24,102)
(-118,25,97)
(-119,25,92)
(-123,31,90)
(-127,30,83)
(-129,33,81)
(-128,38,82)
(-131,43,77)
(-136,45,75)
(-141,47,72)
(-147,52,66)
(-149,52,63)
(-145,55,63)
(-147,59,62)
(-151,62,59)
(-151,68,59)
(-154,73,57)
(-155,75,54)
(-152,77,51)
(-153,80,48)
(-153,85,43)
(-153,90,39)
(-156,96,38)
(-158,97,33)
(-161,98,28)
(-163,98,24)
(-163,95,16)
(-165,95,16)
(-163,91,18)
(-156,78,16)
(-152,61,14)
(-145,48,12)
(-144,38,12)
(-147,47,22)
(-150,62,33)
(-153,63,42)
(-152,60,44)
(-146,43,42)
(-139,25,36)
(-134,17,26)
(-129,18,23)
(-135,30,27)
(-141,45,36)
(-147,57,49)
(-152,59,53)
(-151,55,46)
(-152,53,34)
(-152,54,20)
(-153,58,12)
(-154,67,4)
(-153,73,-2)
(-154,81,-12)
(-157,92,-23)
(-159,102,-37)
(-161,112,-47)
(-162,119,-54)
(-163,119,-56)
(-165,116,-50)
(-164,106,-36)
(-162,91,-18)
(-160,78,0)
(-156,64,16)
(-153,56,26)
(-148,47,40)
(-140,44,53)
(-134,37,64)
(-130,31,71)
(-126,26,74)
(-123,20,77)
(-118,17,81)
(-112,12,88)
(-108,11,95)
(-105,8,99)
(-104,8,107)
(-102,8,113)
(-98,8,120)
(-94,9,125)
(-93,8,127)
(-94,11,126)
(-99,10,116)
(-106,10,104)
(-110,10,87)
(-117,7,66)
(-118,7,48)
(-122,4,33)
(-124,2,17)
(-123,1,9)
(-121,-1,-5)
(-119,-1,-17)
(-116,-2,-27)
(-115,-2,-41)
(-114,-2,-50)
(-113,0,-59)
(-109,0,-73)
(-107,1,-84)
(-105,3,-89)
(-100,1,-94)
(-103,-1,-82)
(-103,-5,-62)
(-105,-11,-32)
(-106,-17,-3)
(-103,-21,18)
(-101,-23,35)
(-99,-23,45)
(-96,-21,52)
(-95,-21,59)
(-95,-21,68)
(-90,-20,70)
(-89,-21,78)
(-85,-20,83)
(-81,-19,91)
(-80,-20,99)
(-79,-18,107)
(-77,-18,116)
(-72,-15,121)
(-67,-14,129)
(-60,-15,135)
(-54,-13,141)
(-49,-14,149)
(-44,-14,157)
(-33,-8,171)
(-23,-8,183)
(-8,-1,195)
(9,7,208)
(25,12,218)
(41,20,227)
(52,23,233)
(62,26,238)
(71,28,236)
(83,29,237)
(103,32,237)
(123,31,236)
(149,30,233)
(171,29,227)
(185,27,223)
(201,31,217)
(214,40,210)
(228,51,206)
(233,54,200)
(216,39,194)
(183,12,189)
(122,-15,175)
(57,-34,159)
(-8,-29,126)
(-71,-9,87)
(-114,27,45)
(-148,72,2)
(-157,127,-31)
(-155,177,-63)
(-142,208,-98)
(-120,218,-139)
(-98,207,-174)
(-76,191,-206)
(-63,178,-221)
(-58,174,-225)
(-59,173,-226)
(-65,174,-221)
(-77,181,-213)
(-88,185,-205)
(-95,180,-202)
(-79,161,-212)
(-45,130,-230)
(17,109,-249)
(87,101,-259)
(154,115,-248)
(216,139,-226)
(254,171,-197)
(281,205,-167)
(293,239,-136)
(301,265,-107)
(309,278,-67)
(314,283,-25)
(315,277,20)
(309,276,71)
(285,268,122)
(245,246,177)
(204,222,216)
(158,197,249)
(126,181,264)
(118,183,266)
(115,191,267)
(131,190,266)
(158,181,260)
(181,164,253)
(215,141,238)
(244,123,218)
(265,113,192)
(288,103,163)
(302,93,129)
(313,87,99)
(321,78,64)
(324,72,33)
(325,72,10)
(324,71,-12)
(323,73,-25)
(325,74,-39)
(321,69,-57)
(317,64,-77)
(313,59,-95)
(302,53,-111)
(296,47,-117)
(290,43,-123)
(286,38,-127)
(284,34,-130)
(287,36,-124)
(293,40,-114)
(300,50,-100)
(312,64,-81)
(322,79,-53)
(329,95,-24)
(331,113,22)
(327,129,68)
(315,149,109)
(295,169,150)
(269,187,180)
(238,207,205)
(202,222,222)
(167,234,237)
(133,244,245)
(103,248,249)
(73,253,245)
(45,257,242)
(16,258,230)
(-14,261,218)
(-40,256,204)
(-66,253,186)
(-82,248,175)
(-94,242,168)
(-89,238,174)
(-78,232,186)
(-69,227,194)
(-63,222,198)
(-73,220,191)
(-89,221,177)
(-102,221,165)
(-112,223,157)
(-118,225,146)
(-122,229,136)
(-128,232,125)
(-133,238,112)
(-136,241,104)
(-140,243,99)
(-141,246,93)
(-142,245,89)
(-145,246,82)
(-142,253,79)
(-141,260,80)
(-134,275,83)
(-125,291,88)
(-116,303,92)
(-104,313,93)
(-96,318,95)
(-89,322,95)
(-84,326,95)
(-82,326,96)
(-90,318,101)
(-97,305,107)
(-107,286,115)
(-119,257,124)
(-124,232,128)
(-129,209,132)
(-133,188,135)
(-135,175,138)
(-137,164,141)
(-136,154,144)
(-136,146,147)
(-133,141,148)
(-129,135,149)
(-125,129,154)
(-120,121,155)
(-118,114,158)
(-116,106,162)
(-112,99,164)
(-109,90,165)
(-105,82,166)
(-102,77,168)
(-103,74,168)
(-101,72,171)
(-101,72,173)
(-102,70,174)
(-99,68,175)
(-96,66,172)
(-92,62,172)
(-86,56,173)
(-79,52,173)
(-71,46,177)
(-64,39,179)
(-57,35,181)
(-54,28,185)
(-53,28,188)
(-50,27,188)
(-47,26,188)
(-46,24,188)
(-47,19,188)
(-46,15,189)
(-47,14,190)
(-44,15,191)
(-41,16,189)
(-40,18,190)
(-38,18,189)
(-36,16,190)
(-33,15,193)
(-30,16,196)
(-26,15,199)
(-23,15,202)
(-19,14,202)
(-15,10,202)
(-14,9,206)
(-12,6,207)
(-11,8,207)
(-10,8,207)
(-12,8,204)
(-16,10,202)
(-18,10,202)
(-23,13,202)
(-26,19,202)
(-30,23,201)
(-35,25,200)
(-39,28,199)
(-43,28,199)
(-45,30,197)
(-47,32,197)
(-50,35,196)
(-53,38,196)
(-57,40,196)
(-62,46,195)
(-66,52,193)
(-68,60,191)
(-74,65,190)
(-77,73,188)
(-84,79,189)
(-90,80,186)
(-94,89,182)
(-98,93,180)
(-101,101,177)
(-108,112,176)
(-111,115,176)
(-115,123,174)
(-118,129,174)
(-117,134,173)
(-119,145,173)
(-119,151,172)
(-119,158,172)
(-119,166,171)
(-119,172,168)
(-119,180,165)
(-120,188,161)
(-121,195,158)
(-123,201,156)
(-123,207,157)
(-124,213,155)
(-123,220,155)
(-122,224,155)
(-119,227,155)
(-116,232,154)
(-112,234,153)
(-110,237,152)
(-112,235,151)
(-110,230,155)
(-108,225,164)
(-102,216,175)
(-95,210,187)
(-90,205,196)
(-87,200,199)
(-87,199,200)
(-88,198,199)
(-91,198,197)
(-93,200,196)
(-98,199,191)
(-99,199,187)
(-103,198,185)
(-105,199,181)
(-105,202,177)
(-109,205,171)
(-109,209,166)
(-112,214,161)
(-114,218,159)
(-117,224,156)
(-120,230,151)
(-120,234,147)
(-121,240,142)
(-120,243,138)
(-120,247,134)
(-122,249,130)
(-121,251,126)
(-120,257,119)
(-122,263,110)
(-122,272,99)
(-127,276,86)
(-129,284,72)
(-130,290,59)
(-131,295,48)
(-132,302,40)
(-131,303,32)
(-129,305,26)
(-128,309,18)
(-125,311,7)
(-123,315,-1)
(-119,321,-10)
(-116,325,-18)
(-114,331,-28)
(-110,334,-34)
(-105,334,-39)
(-103,335,-46)
(-97,338,-49)
(-94,344,-56)
(-91,349,-63)
(-84,353,-67)
(-75,358,-73)
(-67,364,-73)
(-59,368,-71)
(-59,371,-53)
(-65,373,-30)
(-75,360,5)
(-86,349,44)
(-85,328,88)
(-79,298,138)
(-68,273,175)
(-49,237,214)
(-33,195,238)
(-13,157,248)
(16,106,251)
(42,53,242)
(67,4,212)
(86,-43,177)
(86,-76,118)
(77,-95,55)
(42,-93,-3)
(-2,-75,-54)
(-57,-34,-78)
(-108,16,-92)
(-139,73,-92)
(-157,127,-93)
(-158,156,-99)
(-155,166,-106)
(-137,137,-126)
(-106,84,-144)
(-38,20,-151)
(46,-31,-142)
(140,-39,-75)
(201,-37,11)
(204,-13,103)
(176,6,181)
(98,10,205)
(19,25,198)
(-43,35,168)
(-95,41,132)
(-123,41,90)
(-134,38,62)
(-139,42,62)
(-139,55,72)
(-133,69,101)
(-128,82,127)
(-124,90,137)
(-125,95,142)
(-130,98,135)
(-139,96,123)
(-150,93,92)
(-160,91,56)
(-165,90,18)
(-169,95,-18)
(-168,97,-47)
(-161,96,-76)
(-152,96,-104)
(-142,95,-131)
(-130,95,-150)
(-120,93,-167)
(-108,93,-182)
(-91,95,-197)
(-69,98,-218)
(-46,106,-236)
(-31,110,-246)
(-22,111,-252)
(-40,104,-232)
(-62,92,-205)
(-89,71,-166)
(-115,48,-120)
(-123,30,-80)
(-126,13,-42)
(-118,0,-4)
(-103,-14,30)
(-82,-28,57)
(-64,-39,82)
(-54,-48,85)
(-50,-54,79)
(-64,-47,57)
(-83,-38,25)
(-96,-25,-9)
(-107,-10,-46)
(-103,0,-84)
(-88,11,-127)
(-71,23,-163)
(-46,37,-198)
(-21,46,-222)
(1,54,-237)
(27,62,-249)
(53,68,-259)
(76,79,-264)
(108,95,-268)
(135,108,-269)
(159,120,-265)
(182,131,-260)
(203,138,-255)
(223,147,-245)
(244,155,-232)
(264,159,-218)
(269,155,-211)
(276,148,-212)
(283,152,-208)
(288,157,-200)
(300,167,-186)
(310,176,-168)
(317,179,-153)
(324,182,-144)
(332,189,-132)
(338,197,-119)
(341,201,-113)
(345,206,-101)
(345,213,-87)
(348,220,-75)
(350,230,-58)
(350,236,-47)
(350,240,-39)
(348,244,-28)
(347,246,-21)
(344,251,-10)
(344,254,-2)
(342,255,0)
(343,255,4)
(342,255,7)
(341,254,12)
(342,252,18)
(340,254,19)
(341,257,22)
(340,260,18)
(339,265,16)
(338,264,11)
(336,266,4)
(336,267,-1)
(335,267,-5)
(335,268,-9)
(336,267,-12)
(334,268,-17)
(336,273,-23)
(334,277,-27)
(332,279,-34)
(332,279,-39)
(329,277,-44)
(327,276,-51)
(326,274,-56)
(326,273,-60)
(328,272,-68)
(329,272,-68)
(329,272,-72)
(327,275,-76)
(325,277,-77)
(326,275,-82)
(325,278,-87)
(322,276,-89)
(319,276,-93)
(317,278,-94)
(314,278,-96)
(316,280,-97)
(317,281,-98)
(316,283,-101)
(318,282,-102)
(315,282,-105)
(314,280,-106)
(314,279,-105)
(310,280,-105)
(310,279,-105)
(311,281,-105)
(309,278,-108)
(311,278,-111)
(310,279,-115)
(306,279,-117)
(302,283,-119)
(299,285,-119)
(298,285,-119)
(297,287,-121)
(301,286,-122)
(302,287,-126)
(304,288,-126)
(302,289,-128)
(299,289,-129)
(293,285,-129)
(290,287,-132)
(290,287,-136)
(287,287,-141)
(288,288,-142)
(284,286,-147)
(280,285,-152)
(276,284,-157)
(273,285,-165)
(272,286,-170)
(269,287,-175)
(269,286,-176)
(266,285,-180)
(263,283,-185)
(261,283,-187)
(256,281,-192)
(254,279,-192)
(255,280,-188)
(261,275,-184)
(268,271,-179)
(279,263,-174)
(288,253,-169)
(296,248,-164)
(302,241,-159)
(309,238,-153)
(313,231,-147)
(318,222,-140)
(324,218,-133)
(328,211,-127)
(331,212,-120)
(330,213,-114)
(333,215,-109)
(334,217,-106)
(336,220,-103)
(339,221,-100)
(339,221,-97)
(338,219,-94)
(336,216,-93)
(336,217,-92)
(337,217,-91)
(340,219,-88)
(341,219,-86)
(343,219,-83)
(346,220,-81)
(346,224,-78)
(346,224,-73)
(339,229,-84)
(330,230,-99)
(317,232,-127)
(302,238,-160)
(281,239,-185)
(258,239,-209)
(234,238,-230)
(207,235,-245)
(183,227,-257)
(158,223,-265)
(133,217,-271)
(110,210,-276)
(96,206,-278)
(89,205,-281)
(102,204,-278)
(128,207,-271)
(157,210,-262)
(191,211,-252)
(222,213,-237)
(243,211,-224)
(265,212,-208)
(285,214,-190)
(289,214,-181)
(292,215,-178)
(277,212,-195)
(249,205,-213)
(214,202,-237)
(171,196,-260)
(132,188,-269)
(96,179,-279)
(49,158,-271)
(7,138,-259)
(-32,111,-236)
(-68,81,-207)
(-78,47,-163)
(-85,12,-115)
(-77,-22,-62)
(-64,-50,-10)
(-41,-59,32)
(-11,-66,73)
(20,-63,106)
(55,-59,134)
(92,-50,148)
(124,-41,158)
(161,-26,158)
(194,-10,157)
(221,3,149)
(250,19,136)
(272,33,115)
(294,47,93)
(311,64,61)
(325,75,27)
(328,86,-11)
(329,95,-53)
(323,105,-92)
(314,116,-128)
(307,131,-152)
(299,149,-171)
(289,163,-185)
(279,178,-195)
(269,183,-202)
(262,184,-208)
(266,169,-204)
(273,151,-193)
(287,131,-179)
(298,112,-159)
(307,99,-139)
(314,89,-124)
(318,80,-106)
(320,72,-92)
(321,70,-80)
(321,68,-68)
(322,68,-62)
(323,67,-53)
(322,63,-42)
(322,57,-33)
(316,47,-24)
(312,38,-13)
(305,25,-10)
(296,11,-11)
(291,5,-12)
(286,-1,-19)
(284,0,-36)
(282,3,-59)
(273,2,-85)
(257,1,-120)
(234,1,-149)
(201,0,-174)
(171,0,-197)
(126,13,-219)
(81,26,-233)
(33,57,-238)
(-15,89,-239)
(-47,120,-226)
(-79,154,-211)
(-91,183,-191)
(-98,219,-173)
(-95,246,-164)
(-75,268,-169)
(-36,277,-193)
(13,271,-220)
(78,246,-246)
(128,207,-260)
(156,136,-250)
(176,67,-230)
(177,20,-212)
(162,-6,-209)
(140,10,-223)
(106,52,-248)
(74,95,-266)
(62,148,-270)
(59,198,-272)
(63,230,-264)
(68,260,-258)
(75,270,-255)
(84,272,-252)
(104,258,-256)
(125,225,-262)
(136,187,-267)
(138,130,-265)
(126,82,-260)
(106,38,-243)
(87,-2,-217)
(72,-27,-192)
(53,-45,-171)
(36,-52,-157)
(17,-45,-155)
(-4,-31,-163)
(-16,-8,-176)
(-24,19,-194)
(-25,52,-215)
(-18,84,-236)
(14,107,-253)
(51,117,-263)
(89,88,-256)
(123,48,-239)
(120,-6,-193)
(107,-55,-146)
(98,-81,-104)
(96,-98,-68)
(129,-89,-62)
(173,-72,-60)
(222,-41,-68)
(267,-7,-80)
(293,34,-87)
(314,77,-91)
(323,131,-91)
(329,182,-87)
(328,222,-77)
(323,258,-68)
(315,284,-57)
(306,309,-49)
(297,325,-43)
(286,342,-36)
(278,350,-33)
(270,360,-26)
(264,365,-23)
(257,369,-22)
(254,372,-21)
(253,371,-22)
(250,375,-21)
(248,378,-19)
(247,378,-18)
(243,376,-17)
(242,376,-16)
(242,376,-15)
(243,376,-17)
(247,375,-17)
(254,371,-19)
(265,360,-24)
(273,352,-25)
(284,345,-29)
(289,337,-33)
(293,330,-34)
(299,325,-35)
(302,315,-35)
(309,310,-33)
(314,308,-33)
(319,302,-34)
(321,299,-34)
(324,292,-37)
(325,285,-36)
(328,279,-39)
(328,273,-41)
(330,268,-41)
(332,262,-41)
(332,254,-38)
(336,250,-37)
(336,245,-38)
(337,242,-38)
(339,242,-40)
(340,238,-39)
(344,239,-39)
(345,238,-43)
(343,236,-42)
(345,236,-41)
(341,233,-42)
(343,228,-38)
(345,226,-39)
(346,219,-41)
(352,210,-41)
(352,206,-42)
(353,197,-41)
(353,193,-41)
(349,189,-37)
(349,181,-38)
(350,179,-37)
(352,175,-38)
(352,171,-41)
(354,165,-42)
(352,155,-45)
(348,145,-44)
(347,136,-44)
(346,133,-46)
(347,131,-46)
(347,125,-45)
(348,120,-44)
(345,112,-42)
(343,107,-42)
(343,103,-46)
(343,100,-46)
(344,100,-46)
(345,104,-47)
(345,112,-45)
(345,124,-45)
(348,136,-49)
(349,147,-51)
(348,161,-57)
(347,169,-59)
(344,182,-63)
(340,200,-67)
(337,215,-67)
(330,240,-70)
(323,261,-71)
(315,278,-73)
(305,296,-78)
(295,309,-80)
(285,321,-80)
(276,333,-77)
(265,345,-75)
(256,354,-76)
(245,366,-76)
(230,376,-78)
(216,384,-78)
(204,391,-75)
(194,394,-76)
(206,388,-73)
(234,367,-70)
(268,333,-72)
(303,287,-80)
(320,243,-96)
(316,214,-126)
(301,204,-156)
(283,223,-174)
(267,255,-178)
(264,288,-158)
(272,307,-132)
(288,289,-117)
(300,256,-122)
(299,226,-149)
(286,211,-177)
(273,236,-181)
(260,276,-167)
(270,295,-139)
(286,300,-115)
(295,266,-119)
(304,220,-136)
(281,210,-169)
(257,215,-194)
(253,245,-188)
(257,273,-171)
(286,252,-138)
(313,218,-118)
(308,181,-138)
(290,162,-166)
(268,192,-191)
(253,233,-196)
(256,267,-175)
(277,251,-154)
(291,203,-139)
(296,158,-152)
(291,125,-173)
(274,148,-190)
(268,181,-202)
(268,202,-193)
(280,194,-181)
(291,166,-172)
(291,144,-176)
(285,136,-187)
(277,161,-191)
(274,197,-187)
(282,229,-170)
(292,241,-153)
(289,208,-156)
(277,171,-173)
(261,155,-195)
(247,158,-210)
(250,199,-202)
(262,238,-185)
(276,220,-176)
(283,189,-173)
(273,155,-189)
(260,132,-207)
(264,164,-197)
(272,191,-184)
(289,199,-165)
(306,189,-147)
(297,149,-158)
(281,117,-177)
(262,118,-200)
(246,140,-218)
(247,184,-211)
(259,226,-196)
(275,205,-179)
(279,166,-168)
(258,106,-183)
(240,55,-201)
(226,54,-214)
(231,59,-211)
(254,69,-199)
(265,81,-194)
(265,95,-195)
(246,128,-215)
(219,172,-234)
(200,225,-234)
(194,273,-219)
(208,283,-206)
(227,278,-198)
(219,258,-211)
(197,243,-234)
(162,261,-242)
(137,288,-242)
(165,299,-223)
(200,292,-203)
(237,259,-201)
(254,225,-205)
(227,207,-228)
(191,206,-251)
(150,230,-258)
(120,257,-260)
(129,281,-243)
(157,281,-230)
(192,265,-226)
(203,242,-232)
(183,219,-250)
(136,232,-257)
(90,249,-259)
(77,280,-247)
(86,309,-227)
(136,313,-207)
(191,305,-190)
(221,278,-197)
(228,256,-213)
(202,265,-224)
(181,280,-232)
(193,287,-218)
(218,278,-198)
(247,218,-194)
(261,150,-192)
(245,86,-190)
(207,21,-187)
(167,-14,-178)
(128,-45,-160)
(108,-65,-144)
(123,-74,-114)
(152,-75,-90)
(191,-68,-76)
(235,-48,-60)
(263,-25,-59)
(285,1,-63)
(305,28,-68)
(306,66,-93)
(306,104,-129)
(290,147,-166)
(270,188,-200)
(260,219,-209)
(258,243,-204)
(279,239,-175)
(305,224,-137)
(325,180,-80)
(335,135,-19)
(326,108,42)
(311,88,99)
(294,92,135)
(283,95,162)
(277,98,173)
(274,102,178)
(274,97,179)
(271,94,177)
(274,90,169)
(276,82,163)
(283,71,146)
(291,58,125)
(298,46,100)
(304,35,74)
(307,32,50)
(309,29,26)
(310,27,1)
(311,29,-21)
(311,33,-35)
(314,37,-45)
(315,38,-34)
(320,40,-17)
(322,41,6)
(321,49,36)
(321,57,57)
(316,64,76)
(317,73,89)
(318,75,94)
(316,79,95)
(320,80,89)
(321,80,74)
(325,79,55)
(330,79,35)
(332,80,13)
(335,79,-7)
(334,77,-28)
(331,75,-46)
(331,73,-58)
(328,72,-63)
(329,70,-62)
(328,66,-54)
(327,63,-42)
(326,56,-26)
(323,55,-8)
(324,53,8)
(322,51,18)
(323,53,28)
(325,50,28)
(323,51,23)
(324,52,15)
(323,52,2)
(324,55,-13)
(325,53,-28)
(325,54,-40)
(327,56,-51)
(327,60,-55)
(327,65,-61)
(325,68,-67)
(324,71,-73)
(324,71,-80)
(325,70,-77)
(327,67,-70)
(326,60,-62)
(325,53,-50)
(322,46,-41)
(318,40,-29)
(317,35,-18)
(315,34,-8)
(316,35,-8)
(317,36,-12)
(319,42,-21)
(322,46,-33)
(322,49,-41)
(323,54,-49)
(320,58,-58)
(317,60,-64)
(318,63,-70)
(316,59,-72)
(316,54,-71)
(317,44,-61)
(311,33,-48)
(312,26,-36)
(310,20,-26)
(307,18,-16)
(307,18,-10)
(306,20,-7)
(308,20,-6)
(308,23,-24)
(307,28,-51)
(302,31,-82)
(285,36,-127)
(261,38,-162)
(220,34,-194)
(178,29,-221)
(166,12,-213)
(167,-6,-192)
(196,-21,-144)
(228,-33,-93)
(243,-35,-44)
(255,-33,1)
(254,-23,48)
(249,-13,100)
(238,-1,135)
(227,8,167)
(221,9,177)
(225,8,173)
(243,10,144)
(265,9,106)
(281,9,43)
(291,7,-20)
(268,1,-82)
(234,-4,-141)
(187,2,-185)
(131,12,-225)
(73,39,-240)
(15,77,-248)
(-34,131,-232)
(-71,189,-210)
(-71,256,-174)
(-57,315,-138)
(-28,353,-109)
(8,389,-81)
(36,403,-71)
(86,405,-76)
(136,398,-87)
(181,384,-100)
(226,362,-108)
(257,338,-105)
(285,309,-96)
(312,267,-88)
(335,224,-79)
(347,188,-64)
(351,158,-56)
(350,148,-51)
(349,145,-51)
(343,155,-64)
(340,168,-77)
(338,180,-90)
(334,192,-103)
(330,203,-112)
(325,211,-121)
(319,218,-131)
(312,226,-138)
(307,230,-144)
(305,236,-149)
(297,244,-151)
(293,252,-158)
(287,257,-164)
(280,262,-170)
(277,265,-178)
(270,268,-183)
(263,271,-185)
(258,275,-186)
(252,276,-190)
(245,278,-190)
(242,277,-194)
(237,278,-199)
(232,283,-200)
(228,289,-204)
(222,296,-207)
(216,301,-210)
(209,304,-210)
(204,306,-212)
(202,311,-212)
(199,313,-210)
(205,310,-207)
(214,306,-202)
(227,298,-194)
(247,288,-183)
(263,280,-175)
(282,265,-163)
(295,247,-153)
(306,233,-141)
(316,218,-128)
(322,210,-116)
(332,203,-104)
(337,198,-96)
(342,186,-81)
(346,175,-68)
(347,161,-53)
(346,147,-36)
(345,138,-24)
(345,130,-13)
(345,122,-4)
(344,115,-1)
(343,108,2)
(341,102,3)
(338,95,4)
(337,88,9)
(335,81,14)
(333,77,19)
(333,77,27)
(331,75,33)
(331,76,36)
(332,78,41)
(330,79,42)
(331,84,44)
(331,85,48)
(331,88,50)
(334,91,53)
(334,93,53)
(333,97,53)
(335,99,54)
(336,101,53)
(335,101,60)
(334,106,68)
(329,105,78)
(323,104,91)
(318,104,101)
(314,106,113)
(310,109,122)
(308,115,131)
(308,119,136)
(305,120,140)
(305,121,144)
(305,118,148)
(302,120,150)
(302,118,152)
(300,119,153)
(299,121,154)
(298,123,160)
(292,123,165)
(289,125,172)
(286,128,174)
(289,128,166)
(297,128,154)
(304,121,135)
(309,107,119)
(304,90,121)
(296,78,130)
(284,72,149)
(278,64,162)
(287,62,137)
(298,58,91)
(301,63,0)
(289,79,-95)
(237,99,-178)
(174,119,-242)
(110,133,-264)
(40,163,-266)
(0,198,-245)
(-25,258,-204)
(-25,324,-153)
(-5,368,-109)
(51,398,-82)
(109,399,-83)
(171,368,-109)
(229,327,-143)
(250,253,-172)
(263,181,-192)
(260,131,-199)
(258,94,-203)
(255,102,-208)
(249,117,-216)
(237,152,-227)
(222,190,-234)
(206,235,-231)
(191,287,-216)
(186,320,-192)
(183,349,-168)
(184,367,-149)
(186,373,-138)
(185,375,-137)
(185,337,-165)
(183,282,-197)
(177,190,-224)
(169,94,-244)
(143,26,-222)
(115,-29,-197)
(95,-53,-176)
(77,-69,-153)
(79,-78,-136)
(69,-88,-108)
(49,-89,-86)
(19,-84,-75)
(-14,-70,-81)
(-28,-39,-120)
(-29,-4,-165)
(-6,47,-212)
(20,98,-252)
(46,138,-272)
(71,170,-284)
(91,172,-285)
(117,164,-283)
(154,138,-267)
(193,108,-247)
(239,86,-207)
(281,68,-160)
(306,63,-106)
(323,59,-49)
(322,52,-6)
(320,44,26)
(312,30,36)
(305,17,39)
(282,-6,17)
(244,-38,-18)
(205,-59,-57)
(146,-71,-109)
(97,-63,-145)
(66,-57,-160)
(44,-53,-167)
(61,-59,-159)
(90,-75,-143)
(133,-72,-126)
(176,-70,-107)
(209,-66,-83)
(239,-53,-61)
(254,-49,-33)
(266,-37,-6)
(273,-23,23)
(280,-15,52)
(268,5,99)
(247,23,147)
(210,21,179)
(173,16,207)
(152,-4,202)
(134,-27,191)
(124,-30,190)
(108,-26,194)
(78,-20,200)
(50,-6,210)
(28,7,220)
(11,22,227)
(3,36,232)
(-6,42,232)
(-12,43,228)
(-16,43,225)
(-31,61,221)
(-46,88,217)
(-74,137,201)
(-101,184,180)
(-100,212,176)
(-94,230,179)
(-74,222,199)
(-53,215,222)
(-52,218,224)
(-54,225,220)
(-59,234,211)
(-57,233,212)
(-49,220,220)
(-38,206,233)
(-28,193,244)
(-24,197,243)
(-22,206,244)
(-23,215,241)
(-28,223,238)
(-30,225,238)
(-29,222,234)
(-26,219,236)
(-23,214,237)
(-23,207,240)
(-22,202,243)
(-24,200,242)
(-23,198,242)
(-24,201,242)
(-24,202,244)
(-21,194,247)
(-15,187,249)
(-12,178,250)
(-10,167,252)
(-9,167,253)
(-10,165,254)
(-12,170,255)
(-14,179,253)
(-22,188,247)
(-33,199,242)
(-40,200,237)
(-44,199,232)
(-44,193,234)
(-42,191,234)
(-41,191,234)
(-44,191,237)
(-42,192,236)
(-42,191,235)
(-43,189,235)
(-41,185,233)
(-41,184,234)
(-42,183,233)
(-42,183,231)
(-44,185,230)
(-47,184,228)
(-48,185,228)
(-49,185,228)
(-50,188,226)
(-48,192,228)
(-48,191,229)
(-47,192,228)
(-46,191,230)
(-48,191,230)
